2019-07-06T00:08:48.339400Z,35.59,-117.55,9,2.17
2019-07-06T09:57:34.650800Z,35.97,-117.69,9,3.09
2019-07-06T10:54:19.966000Z,35.71,-117.49,9,2.55
2019-07-06T00:02:05.928400Z,35.67,-117.51,9,1.7
2019-07-06T00:10:58.820000Z,35.77,-117.53,9,2.84
2019-07-06T00:14:41.325600Z,35.77,-117.55,9,3.14
2019-07-06T00:18:57.230000Z,35.77,-117.57,9,2.95
2019-07-06T00:46:54.258400Z,35.67,-117.47,9,2.12
2019-07-06T00:50:41.634400Z,35.75,-117.55,9,2.08
2019-07-06T01:06:12.272000Z,35.67,-117.47,9,1.98
2019-07-06T01:39:46.194000Z,35.67,-117.45,9,1.76
2019-07-06T01:41:01.890000Z,35.73,-117.53,9,1.51
2019-07-06T02:11:11.977200Z,35.61,-117.57,9,2.75
2019-07-06T02:15:24.166800Z,35.71,-117.49,9,2.71
2019-07-06T02:29:38.990400Z,35.67,-117.49,9,2.39
2019-07-06T02:34:15.189600Z,35.67,-117.43,9,2.01
2019-07-06T02:40:45.196000Z,35.67,-117.43,9,2.32
2019-07-06T02:42:13.749200Z,35.57,-117.57,9,3.04
2019-07-06T02:55:12.656800Z,35.77,-117.55,9,3.09
2019-07-06T02:58:46.488800Z,35.57,-117.59,9,2.52
2019-07-06T03:06:22.628000Z,35.65,-117.51,9,2.07
2019-07-06T04:18:54.690800Z,35.93,-117.71,9,5.28
2019-07-06T04:41:48.800400Z,35.91,-117.67,9,3.62
2019-07-06T04:49:42.218400Z,35.89,-117.75,9,3.71
2019-07-06T04:52:17.496400Z,35.89,-117.69,9,4.59
2019-07-06T04:58:36.282800Z,35.69,-117.53,9,4.25
2019-07-06T05:08:10.930800Z,35.71,-117.53,9,4.01
2019-07-06T05:13:14.541600Z,35.89,-117.61,9,4.23
2019-07-06T05:43:21.953200Z,35.91,-117.67,9,3.47
2019-07-06T06:04:33.880400Z,35.89,-117.69,9,3.56
2019-07-06T06:14:15.345600Z,35.67,-117.43,9,3.24
2019-07-06T06:41:14.672800Z,35.79,-117.61,9,4.25
2019-07-06T07:03:14.295600Z,35.65,-117.49,9,3.71
2019-07-06T07:04:41.604200Z,35.91,-117.75,9,3.86
2019-07-06T07:46:16.892800Z,35.79,-117.59,9,3.29
2019-07-06T07:52:11.108800Z,35.81,-117.59,9,3.12
2019-07-06T07:56:03.248000Z,35.65,-117.43,9,3.89
2019-07-06T08:10:49.557200Z,35.95,-117.75,9,3.7
2019-07-06T08:28:33.380400Z,35.61,-117.37,9,3.63
2019-07-06T08:39:42.458600Z,35.93,-117.69,9,3.37
2019-07-06T09:12:41.289800Z,35.81,-117.65,9,3.07
2019-07-06T09:16:34.738400Z,35.93,-117.69,9,2.63
2019-07-06T09:28:28.322800Z,35.93,-117.77,9,5.07
2019-07-06T09:29:20.652600Z,35.89,-117.71,9,4.85
2019-07-06T09:48:29.356400Z,35.89,-117.75,9,3.41
2019-07-06T09:49:33.111000Z,35.89,-117.73,9,3.2
2019-07-06T10:01:10.131200Z,35.95,-117.71,9,2.94
2019-07-06T10:19:58.379200Z,35.89,-117.67,9,2.94
2019-07-06T10:40:24.297200Z,35.65,-117.51,9,3.53
2019-07-06T10:50:46.072800Z,35.89,-117.73,9,3.35
2019-07-06T11:06:42.848800Z,35.79,-117.57,9,3.94
2019-07-06T11:18:03.294000Z,35.67,-117.51,9,3.14
2019-07-06T11:31:09.644800Z,35.95,-117.71,9,3.17
2019-07-06T11:45:11.031400Z,35.83,-117.63,9,3.5
2019-07-06T12:12:35.465200Z,35.77,-117.59,9,3.32
2019-07-06T12:20:15.887200Z,35.75,-117.53,9,2.95
2019-07-06T12:20:58.678800Z,35.75,-117.55,9,3.79
2019-07-06T12:29:19.296800Z,35.81,-117.53,9,3.63
2019-07-06T13:20:35.811600Z,35.69,-117.53,9,2.85
2019-07-06T14:05:32.167600Z,35.89,-117.69,9,2.8
2019-07-06T14:16:21.115200Z,35.69,-117.49,9,2.64
2019-07-06T14:19:24.634400Z,35.79,-117.55,9,2.29
2019-07-06T15:07:05.345600Z,35.65,-117.47,9,3.44
2019-07-06T17:30:19.463600Z,35.65,-117.43,9,2.27
2019-07-06T17:53:19.171200Z,35.69,-117.53,9,2.47
2019-07-06T18:33:51.306600Z,35.89,-117.71,9,2.96
2019-07-06T19:05:15.304400Z,35.79,-117.55,9,2.7
2019-07-06T19:33:28.110400Z,35.87,-117.69,9,2.43
2019-07-06T19:46:23.377600Z,35.91,-117.75,9,3.28
2019-07-06T19:49:04.222000Z,35.87,-117.71,9,3.68
2019-07-06T20:30:31.229200Z,35.67,-117.41,9,2.73
2019-07-06T20:36:17.138000Z,35.89,-117.69,9,2.91
2019-07-06T20:41:30.154800Z,35.69,-117.45,9,3.59
2019-07-06T21:00:51.217200Z,35.93,-117.75,9,2.42
2019-07-06T21:23:12.296000Z,35.91,-117.67,9,2.02
2019-07-06T22:51:35.686000Z,35.63,-117.43,9,3.16
2019-07-06T22:58:55.684000Z,35.71,-117.53,9,2.74
2019-07-06T23:21:33.732000Z,35.69,-117.47,9,3.95
2019-07-06T23:22:57.958400Z,35.89,-117.69,9,2.62
2019-07-06T23:26:21.850400Z,35.77,-117.55,9,3.35
2019-07-06T23:48:53.152800Z,35.61,-117.37,9,2.91
2019-07-06T23:56:34.180400Z,35.83,-117.63,9,3.69
2019-07-06T00:11:59.097200Z,35.67,-117.47,9,2.0
2019-07-06T00:51:25.220800Z,35.75,-117.53,9,3.93
2019-07-06T01:17:06.048800Z,35.75,-117.51,9,2.24
2019-07-06T01:29:56.498400Z,35.63,-117.53,9,1.77
2019-07-06T01:56:11.249400Z,35.69,-117.39,9,2.21
2019-07-06T02:02:54.837200Z,35.73,-117.53,9,2.52
2019-07-06T02:16:35.233200Z,35.75,-117.51,7,1.8
2019-07-06T02:27:50.912200Z,35.69,-117.55,7,1.98
2019-07-06T02:32:10.678000Z,35.63,-117.53,9,2.19
2019-07-06T02:40:04.114800Z,35.63,-117.53,9,1.94
2019-07-06T03:12:40.494800Z,35.71,-117.53,9,2.45
2019-07-06T03:16:31.747600Z,35.73,-117.53,9,5.23
2019-07-06T03:46:26.238000Z,35.67,-117.41,9,4.58
2019-07-06T03:53:40.094800Z,35.73,-117.55,7,3.68
2019-07-06T03:55:19.659600Z,35.93,-117.69,9,4.17
2019-07-06T04:07:04.338000Z,35.55,-117.49,9,4.76
2019-07-06T04:22:15.896800Z,35.89,-117.69,9,3.56
2019-07-06T04:52:03.773600Z,35.89,-117.75,9,3.92
2019-07-06T04:53:41.627200Z,35.87,-117.63,9,4.04
2019-07-06T04:58:11.646000Z,35.61,-117.39,9,3.65
2019-07-06T05:44:08.620000Z,35.93,-117.73,9,3.69
2019-07-06T06:12:51.498800Z,35.57,-117.33,9,4.57
2019-07-06T06:17:20.686800Z,35.89,-117.65,9,3.44
2019-07-06T06:26:52.911200Z,35.89,-117.67,9,3.36
2019-07-06T06:31:00.589200Z,35.89,-117.67,9,3.9
2019-07-06T06:34:46.999800Z,35.93,-117.71,9,4.51
2019-07-06T06:49:27.946800Z,35.95,-117.67,9,3.24
2019-07-06T06:50:11.562000Z,35.75,-117.51,9,3.12
2019-07-06T07:05:20.711200Z,35.89,-117.73,9,3.55
2019-07-06T07:50:01.754400Z,35.69,-117.53,9,3.27
2019-07-06T08:26:51.480800Z,35.95,-117.75,9,3.57
2019-07-06T09:06:21.413800Z,35.65,-117.43,9,3.57
2019-07-06T09:08:02.384000Z,35.89,-117.79,9,3.6
2019-07-06T09:46:39.635200Z,35.79,-117.61,9,3.42
2019-07-06T10:34:32.199200Z,35.91,-117.77,9,2.65
2019-07-06T10:49:48.298400Z,35.95,-117.71,9,3.18
2019-07-06T11:00:05.726000Z,35.85,-117.61,9,2.75
2019-07-06T11:08:10.319600Z,35.93,-117.71,9,2.77
2019-07-06T11:11:41.773600Z,35.89,-117.69,5,3.1
2019-07-06T11:23:09.689200Z,35.87,-117.67,9,2.61
2019-07-06T11:43:41.728000Z,35.63,-117.45,9,2.62
2019-07-06T11:46:15.924400Z,35.69,-117.47,9,2.89
2019-07-06T11:59:49.318400Z,35.73,-117.51,9,2.48
2019-07-06T12:17:32.594000Z,35.81,-117.65,9,2.17
2019-07-06T12:23:28.526800Z,35.91,-117.65,9,2.54
2019-07-06T12:27:00.014000Z,35.95,-117.71,9,2.38
2019-07-06T12:34:52.269200Z,35.71,-117.55,9,2.86
2019-07-06T12:40:30.568400Z,35.81,-117.59,9,2.79
2019-07-06T12:45:45.097200Z,35.85,-117.65,9,3.04
2019-07-06T12:48:42.589600Z,35.87,-117.63,9,3.1
2019-07-06T13:00:43.744800Z,35.91,-117.71,9,2.98
2019-07-06T13:02:14.182800Z,35.83,-117.57,9,2.62
2019-07-06T13:09:19.641600Z,35.79,-117.59,7,2.85
2019-07-06T13:16:57.365600Z,35.63,-117.49,9,3.39
2019-07-06T13:24:26.699600Z,35.89,-117.65,9,2.83
2019-07-06T13:43:18.228400Z,35.61,-117.43,9,4.08
2019-07-06T14:11:43.258400Z,35.61,-117.41,9,2.62
2019-07-06T14:24:34.670800Z,35.97,-117.73,9,2.83
2019-07-06T14:25:59.785600Z,35.71,-117.55,9,2.4
2019-07-06T14:30:07.239200Z,35.81,-117.59,9,3.17
2019-07-06T14:31:00.103000Z,35.89,-117.73,9,2.61
2019-07-06T14:38:48.665600Z,35.73,-117.57,9,2.66
2019-07-06T14:40:08.483200Z,35.65,-117.49,9,3.04
2019-07-06T14:41:15.970800Z,35.81,-117.61,9,2.42
2019-07-06T14:55:25.126200Z,35.83,-117.59,9,2.57
2019-07-06T15:12:01.048400Z,35.63,-117.53,9,3.08
2019-07-06T15:19:15.033600Z,35.91,-117.69,9,2.31
2019-07-06T15:22:26.234400Z,35.93,-117.77,9,3.4
2019-07-06T15:23:28.099600Z,35.85,-117.61,9,3.29
2019-07-06T15:37:22.876800Z,35.97,-117.69,9,2.67
2019-07-06T15:40:44.280800Z,35.81,-117.59,9,2.98
2019-07-06T15:45:45.661600Z,36.13,-117.85,5,3.51
2019-07-06T16:02:33.674800Z,35.65,-117.43,9,2.68
2019-07-06T16:07:25.188400Z,35.67,-117.51,9,3.7
2019-07-06T16:13:43.860800Z,35.99,-117.79,3,2.09
2019-07-06T16:43:00.997800Z,35.91,-117.71,9,2.64
2019-07-06T16:54:28.602800Z,35.59,-117.41,9,2.67
2019-07-06T17:14:09.141200Z,35.91,-117.71,9,2.52
2019-07-06T17:15:44.754200Z,35.55,-117.39,9,2.74
2019-07-06T17:20:57.295600Z,35.69,-117.53,9,2.51
2019-07-06T17:22:07.437600Z,35.77,-117.59,5,2.81
2019-07-06T17:38:40.949600Z,35.81,-117.61,9,2.93
2019-07-06T17:40:52.466400Z,35.61,-117.37,9,2.9
2019-07-06T17:41:32.812000Z,35.89,-117.73,9,4.32
2019-07-06T17:54:34.444200Z,35.61,-117.47,9,2.64
2019-07-06T18:10:43.142000Z,35.85,-117.61,9,2.07
2019-07-06T18:28:52.956000Z,35.73,-117.51,9,2.87
2019-07-06T18:39:57.660400Z,35.75,-117.55,9,3.1
2019-07-06T18:42:07.896000Z,35.87,-117.71,9,2.33
2019-07-06T18:46:25.293200Z,35.65,-117.37,9,3.99
2019-07-06T18:58:58.941600Z,35.91,-117.65,9,3.05
2019-07-06T19:05:47.498400Z,35.89,-117.77,9,2.42
2019-07-06T19:10:02.689600Z,35.69,-117.47,9,2.51
2019-07-06T19:13:18.415200Z,35.85,-117.65,9,1.98
2019-07-06T19:37:32.861200Z,35.93,-117.69,9,3.11
2019-07-06T19:47:31.029600Z,35.93,-117.73,9,2.71
2019-07-06T19:48:08.550400Z,35.91,-117.73,9,2.79
2019-07-06T19:50:55.613600Z,35.79,-117.67,3,2.1
2019-07-06T19:58:13.468000Z,35.93,-117.69,9,2.28
2019-07-06T20:15:30.045200Z,35.95,-117.73,9,2.12
2019-07-06T20:27:11.152400Z,35.91,-117.73,9,2.34
2019-07-06T21:05:24.084800Z,35.71,-117.55,9,3.78
2019-07-06T21:07:44.670800Z,35.97,-117.25,3,3.04
2019-07-06T21:14:59.446000Z,35.93,-117.69,9,3.16
2019-07-06T21:28:41.354000Z,35.91,-117.63,9,2.93
2019-07-06T21:33:12.418800Z,35.93,-117.61,9,2.12
2019-07-06T21:33:34.006400Z,35.87,-117.67,9,2.36
2019-07-06T21:55:54.168800Z,35.67,-117.45,9,2.72
2019-07-06T22:01:21.691600Z,35.59,-117.41,7,2.98
2019-07-06T22:04:09.141600Z,35.59,-117.41,7,2.85
2019-07-06T22:17:51.568000Z,35.69,-117.51,9,2.08
2019-07-06T23:07:07.978400Z,35.63,-117.43,9,2.74
2019-07-06T23:17:35.764400Z,35.93,-117.73,9,2.75
2019-07-06T23:19:58.593200Z,35.91,-117.71,9,2.24
2019-07-06T23:21:07.370400Z,35.63,-117.39,9,2.12
2019-07-06T23:31:15.633600Z,35.87,-117.75,9,2.38
2019-07-06T23:32:32.725200Z,35.91,-117.77,9,2.78
2019-07-06T23:34:09.370000Z,35.89,-117.63,9,3.52
2019-07-06T23:50:41.139200Z,35.85,-117.71,9,4.94
2019-07-06T00:00:11.912400Z,35.65,-117.51,9,1.35
2019-07-06T00:13:52.088000Z,35.73,-117.49,7,2.95
2019-07-06T00:15:38.705600Z,35.75,-117.57,9,3.23
2019-07-06T00:18:26.431600Z,35.77,-117.55,9,2.02
2019-07-06T00:29:28.319600Z,35.75,-117.63,9,1.13
2019-07-06T00:35:38.782000Z,35.75,-117.49,9,1.82
2019-07-06T00:38:53.537400Z,35.77,-117.53,3,1.85
2019-07-06T00:45:52.375600Z,35.71,-117.49,7,1.46
2019-07-06T00:55:13.659000Z,35.73,-117.51,9,1.83
2019-07-06T00:57:31.759600Z,35.77,-117.53,9,1.83
2019-07-06T00:58:06.607600Z,35.73,-117.51,9,1.92
2019-07-06T01:02:40.245200Z,35.59,-117.57,9,1.66
2019-07-06T01:05:18.311600Z,35.69,-117.45,9,1.88
2019-07-06T01:10:36.433200Z,35.75,-117.55,9,1.7
2019-07-06T01:21:46.095600Z,35.67,-117.43,9,1.61
2019-07-06T01:32:27.147200Z,35.77,-117.49,9,1.6
2019-07-06T01:36:53.157600Z,35.71,-117.57,9,2.54
2019-07-06T01:50:01.686400Z,35.63,-117.53,9,1.21
2019-07-06T01:53:30.380400Z,35.71,-117.49,9,2.95
2019-07-06T02:13:46.989200Z,35.55,-117.59,5,1.42
2019-07-06T02:19:43.095200Z,35.77,-117.57,9,1.87
2019-07-06T03:00:25.639200Z,35.63,-117.53,9,1.41
2019-07-06T03:10:02.686200Z,35.63,-117.53,9,1.52
2019-07-06T03:19:40.735800Z,35.73,-117.51,5,2.09
2019-07-06T03:19:51.518800Z,35.83,-117.49,7,5.59
2019-07-06T03:36:15.891200Z,35.93,-117.67,9,4.44
2019-07-06T03:41:38.467200Z,35.91,-117.73,9,4.44
2019-07-06T03:50:59.280800Z,35.93,-117.65,9,4.96
2019-07-06T04:08:35.306800Z,35.89,-117.61,9,3.53
2019-07-06T04:10:37.050600Z,35.83,-117.61,9,3.81
2019-07-06T04:18:35.783600Z,35.69,-117.53,9,3.79
2019-07-06T04:44:08.801400Z,35.91,-117.77,9,3.11
2019-07-06T04:56:01.961200Z,35.89,-117.63,9,3.22
2019-07-06T05:00:28.732800Z,35.91,-117.73,9,3.19
2019-07-06T05:04:19.105200Z,35.91,-117.69,9,3.65
2019-07-06T05:12:11.947600Z,35.89,-117.69,9,3.11
2019-07-06T05:14:56.482800Z,35.73,-117.51,9,3.47
2019-07-06T05:23:49.540800Z,35.91,-117.69,9,3.04
2019-07-06T05:25:04.318400Z,35.83,-117.63,9,4.34
2019-07-06T05:36:46.262600Z,35.73,-117.53,9,2.95
2019-07-06T05:37:30.156200Z,35.89,-117.71,9,3.51
2019-07-06T05:39:14.070800Z,35.79,-117.59,9,3.73
2019-07-06T05:46:06.596800Z,35.69,-117.53,9,3.18
2019-07-06T05:51:49.436200Z,35.93,-117.75,9,3.53
2019-07-06T06:16:00.768000Z,35.85,-117.67,9,3.05
2019-07-06T06:18:45.640600Z,35.79,-117.63,9,3.44
2019-07-06T06:19:42.140400Z,35.89,-117.71,9,3.05
2019-07-06T06:26:18.464000Z,35.69,-117.49,9,2.96
2019-07-06T06:30:45.546800Z,35.87,-117.63,9,3.49
2019-07-06T06:37:47.135600Z,35.87,-117.67,9,2.29
2019-07-06T06:57:47.149200Z,35.89,-117.71,9,3.19
2019-07-06T07:00:59.713200Z,35.91,-117.71,9,2.61
2019-07-06T07:04:21.830800Z,35.73,-117.53,9,3.29
2019-07-06T07:09:25.440400Z,35.91,-117.71,9,2.68
2019-07-06T07:15:26.032000Z,35.69,-117.47,9,3.34
2019-07-06T07:28:48.034000Z,35.93,-117.67,9,2.92
2019-07-06T07:30:50.738800Z,35.69,-117.47,9,2.96
2019-07-06T07:39:28.445800Z,35.67,-117.45,9,2.47
2019-07-06T07:52:24.053600Z,35.91,-117.75,9,3.72
2019-07-06T08:07:04.935600Z,35.93,-117.67,5,2.65
2019-07-06T08:10:00.742000Z,35.89,-117.71,9,2.49
2019-07-06T08:15:27.624800Z,35.83,-117.63,9,2.48
2019-07-06T08:31:08.818800Z,35.91,-117.69,9,3.11
2019-07-06T08:32:32.664000Z,35.61,-117.41,9,2.91
2019-07-06T09:03:12.160800Z,35.67,-117.51,7,3.09
2019-07-06T09:05:25.381400Z,35.83,-117.59,9,3.13
2019-07-06T09:07:09.904400Z,35.73,-117.53,9,2.73
2019-07-06T09:14:37.385200Z,35.83,-117.61,9,2.35
2019-07-06T09:19:18.319600Z,35.81,-117.63,9,2.74
2019-07-06T09:21:22.606400Z,35.75,-117.55,9,3.25
2019-07-06T09:24:22.432400Z,35.73,-117.57,9,3.38
2019-07-06T09:30:40.689000Z,35.93,-117.77,9,4.54
2019-07-06T09:33:24.667600Z,35.89,-117.67,9,3.0
2019-07-06T09:33:55.514000Z,36.03,-117.87,9,3.69
2019-07-06T10:05:19.566000Z,35.65,-117.51,9,3.34
2019-07-06T10:09:17.579600Z,35.55,-117.49,9,3.85
2019-07-06T10:21:08.259600Z,35.69,-117.45,3,2.47
2019-07-06T10:38:31.002800Z,35.93,-117.71,9,2.67
2019-07-06T10:47:15.402800Z,35.91,-117.71,9,2.11
2019-07-06T10:48:23.848000Z,35.55,-117.33,9,4.42
2019-07-06T11:15:20.441200Z,35.61,-117.41,9,3.63
2019-07-06T11:54:53.724000Z,35.91,-117.77,9,3.3
2019-07-06T12:09:50.866000Z,35.73,-117.51,9,2.98
2019-07-06T12:30:32.052000Z,35.83,-117.63,9,2.25
2019-07-06T12:36:29.946400Z,35.59,-117.41,9,2.87
2019-07-06T12:50:27.552400Z,35.93,-117.73,9,2.53
2019-07-06T12:53:08.337400Z,35.79,-117.61,9,2.35
2019-07-06T12:55:24.430800Z,35.91,-117.75,9,3.1
2019-07-06T12:58:17.448400Z,35.65,-117.41,9,2.91
2019-07-06T13:17:39.321600Z,35.89,-117.67,9,2.73
2019-07-06T13:29:01.763600Z,35.87,-117.71,5,2.66
2019-07-06T13:36:26.574000Z,35.87,-117.65,9,3.42
2019-07-06T13:41:07.917600Z,35.93,-117.73,9,2.22
2019-07-06T13:41:42.512000Z,35.59,-117.39,9,3.17
2019-07-06T13:50:57.337600Z,35.85,-117.61,9,2.77
2019-07-06T13:54:18.302400Z,35.89,-117.73,9,2.35
2019-07-06T13:54:51.466400Z,35.91,-117.75,9,2.8
2019-07-06T14:03:29.306400Z,35.65,-117.49,9,2.28
2019-07-06T14:04:55.701800Z,35.85,-117.57,7,2.53
2019-07-06T14:09:34.784600Z,35.93,-117.69,9,2.83
2019-07-06T14:33:17.938400Z,35.77,-117.55,7,2.88
2019-07-06T14:38:03.312000Z,35.89,-117.71,9,2.16
2019-07-06T14:53:59.252200Z,35.79,-117.57,9,2.12
2019-07-06T15:10:27.105200Z,35.89,-117.75,9,2.91
2019-07-06T15:21:07.533000Z,36.13,-117.89,7,2.96
2019-07-06T15:22:01.974200Z,35.73,-117.55,9,2.75
2019-07-06T15:29:19.592000Z,35.89,-117.73,9,2.89
2019-07-06T15:32:43.394800Z,35.91,-117.73,9,3.38
2019-07-06T15:36:05.776000Z,35.63,-117.47,5,2.08
2019-07-06T15:42:54.292000Z,35.87,-117.71,9,2.41
2019-07-06T15:49:16.777200Z,35.89,-117.67,9,2.87
2019-07-06T15:53:20.182400Z,35.91,-117.71,9,1.87
2019-07-06T15:57:12.635200Z,35.71,-117.55,9,1.92
2019-07-06T15:59:28.975600Z,35.89,-117.69,9,3.36
2019-07-06T16:12:24.763200Z,35.59,-117.37,9,3.25
2019-07-06T16:16:54.634000Z,35.75,-117.55,9,2.65
2019-07-06T16:31:50.427200Z,35.67,-117.49,7,3.2
2019-07-06T16:38:00.888400Z,35.59,-117.33,9,3.18
2019-07-06T16:54:02.276000Z,35.81,-117.57,7,1.91
2019-07-06T16:59:55.626600Z,35.73,-117.53,9,2.41
2019-07-06T17:09:01.201400Z,35.97,-117.25,7,3.25
2019-07-06T17:10:00.324800Z,35.73,-117.55,9,2.37
2019-07-06T17:10:22.708800Z,35.71,-117.53,9,2.79
2019-07-06T17:18:21.060800Z,35.55,-117.31,7,3.16
2019-07-06T17:19:57.215600Z,35.63,-117.41,9,2.46
2019-07-06T17:33:31.695000Z,35.89,-117.73,9,2.43
2019-07-06T17:43:30.020000Z,36.11,-117.87,7,2.79
2019-07-06T17:51:07.834800Z,35.73,-117.61,9,2.18
2019-07-06T17:59:14.316000Z,35.91,-117.77,9,4.01
2019-07-06T18:18:57.804000Z,36.05,-117.87,9,2.3
2019-07-06T18:22:04.355600Z,35.71,-117.49,9,2.66
2019-07-06T18:22:48.268800Z,35.79,-117.59,9,2.8
2019-07-06T18:27:39.431400Z,35.77,-117.55,9,2.7
2019-07-06T18:33:27.060200Z,35.61,-117.49,9,2.63
2019-07-06T18:36:49.412400Z,35.95,-117.75,9,3.74
2019-07-06T18:46:04.839200Z,35.61,-117.41,9,2.25
2019-07-06T18:47:47.042400Z,35.71,-117.53,9,3.57
2019-07-06T19:03:04.912400Z,35.69,-117.49,9,1.94
2019-07-06T19:07:28.948400Z,35.69,-117.47,9,2.38
2019-07-06T19:50:11.438400Z,35.81,-117.63,9,2.44
2019-07-06T20:01:42.702000Z,35.73,-117.51,9,2.51
2019-07-06T20:11:00.764000Z,35.95,-117.51,9,2.91
2019-07-06T20:13:34.413600Z,35.77,-117.55,9,2.16
2019-07-06T20:18:49.090400Z,35.93,-117.69,9,2.11
2019-07-06T20:22:33.656800Z,35.71,-117.55,3,3.17
2019-07-06T20:24:33.144400Z,35.63,-117.47,9,2.89
2019-07-06T20:46:53.271200Z,35.65,-117.47,9,2.52
2019-07-06T20:52:01.221200Z,35.69,-117.51,9,1.98
2019-07-06T20:57:08.196400Z,35.89,-117.75,9,2.44
2019-07-06T20:57:34.839400Z,35.83,-117.63,9,2.11
2019-07-06T21:02:48.111200Z,35.93,-117.75,9,2.67
2019-07-06T21:28:01.392400Z,35.65,-117.41,9,2.66
2019-07-06T21:35:00.285200Z,35.97,-117.27,5,2.83
2019-07-06T21:47:31.456800Z,35.63,-117.45,9,2.61
2019-07-06T22:09:43.760600Z,35.73,-117.55,9,2.08
2019-07-06T22:10:58.265200Z,35.93,-117.69,9,2.46
2019-07-06T22:16:39.357800Z,35.69,-117.51,3,2.14
2019-07-06T22:19:13.293200Z,35.61,-117.41,9,2.21
2019-07-06T22:23:49.930800Z,35.61,-117.41,9,2.92
2019-07-06T22:36:23.648600Z,35.91,-117.73,9,2.19
2019-07-06T22:51:12.598800Z,35.69,-117.47,9,2.64
2019-07-06T23:38:05.516400Z,35.91,-117.69,9,2.48
2019-07-06T23:45:23.764000Z,36.09,-117.81,5,2.83
2019-07-06T00:21:59.806000Z,35.61,-117.55,9,1.53
2019-07-06T00:31:46.146600Z,35.65,-117.49,3,1.1
2019-07-06T00:40:25.026800Z,35.69,-117.49,9,1.21
2019-07-06T00:49:20.972800Z,35.65,-117.43,9,1.57
2019-07-06T00:58:35.358800Z,35.67,-117.45,9,1.52
2019-07-06T01:04:05.121400Z,35.65,-117.45,3,1.59
2019-07-06T01:15:57.181600Z,35.55,-117.61,9,1.76
2019-07-06T01:16:30.259200Z,35.77,-117.45,7,1.31
2019-07-06T01:44:10.099200Z,35.67,-117.47,9,1.64
2019-07-06T01:45:53.074800Z,35.73,-117.53,9,1.26
2019-07-06T02:22:27.396800Z,35.67,-117.45,9,1.72
2019-07-06T02:44:06.342400Z,35.73,-117.51,7,1.34
2019-07-06T02:45:29.022800Z,35.59,-117.55,9,1.32
2019-07-06T02:46:44.952800Z,35.53,-117.39,9,1.72
2019-07-06T02:47:40.560800Z,35.75,-117.49,9,1.79
2019-07-06T03:14:11.681200Z,35.65,-117.49,7,1.0
2019-07-06T03:15:08.994400Z,35.67,-117.45,9,1.48
2019-07-06T03:16:04.189600Z,35.69,-117.47,9,1.36
2019-07-06T03:49:51.793600Z,35.87,-117.71,9,4.27
2019-07-06T03:57:50.754000Z,35.95,-117.71,9,4.37
2019-07-06T04:19:54.860000Z,35.81,-117.59,9,4.25
2019-07-06T04:21:35.663000Z,35.77,-117.57,5,4.29
2019-07-06T04:24:40.466800Z,35.91,-117.69,9,3.98
2019-07-06T04:28:08.830400Z,35.91,-117.75,9,3.48
2019-07-06T04:29:01.906800Z,35.81,-117.65,9,3.6
2019-07-06T04:31:04.760200Z,35.85,-117.63,9,3.59
2019-07-06T04:38:08.278600Z,35.63,-117.39,9,3.83
2019-07-06T04:39:42.171200Z,35.99,-117.79,9,3.7
2019-07-06T04:45:36.050400Z,35.95,-117.77,9,3.68
2019-07-06T04:47:30.513200Z,35.75,-117.51,9,3.49
2019-07-06T04:55:21.288400Z,35.71,-117.51,9,3.27
2019-07-06T05:06:55.631600Z,35.95,-117.75,9,3.2
2019-07-06T05:09:31.151200Z,35.75,-117.51,9,3.77
2019-07-06T05:15:36.943600Z,35.93,-117.75,9,3.62
2019-07-06T05:17:49.106000Z,35.91,-117.73,9,2.9
2019-07-06T05:19:37.560400Z,35.71,-117.55,9,3.25
2019-07-06T05:31:56.335200Z,35.87,-117.69,9,3.36
2019-07-06T05:41:31.763000Z,35.77,-117.57,9,3.66
2019-07-06T05:45:25.833600Z,35.93,-117.73,9,3.37
2019-07-06T05:47:08.388800Z,35.71,-117.53,9,2.95
2019-07-06T05:59:43.685200Z,35.73,-117.53,9,3.61
2019-07-06T06:23:19.073200Z,35.79,-117.67,9,2.53
2019-07-06T06:27:32.464800Z,35.81,-117.63,7,3.25
2019-07-06T06:39:09.416800Z,35.73,-117.49,9,3.0
2019-07-06T06:45:30.362000Z,35.87,-117.63,9,2.76
2019-07-06T06:53:09.479200Z,35.65,-117.45,9,3.72
2019-07-06T06:56:20.916800Z,35.69,-117.45,9,3.22
2019-07-06T06:59:58.892800Z,35.65,-117.49,9,3.52
2019-07-06T07:13:35.700800Z,35.95,-117.75,9,3.38
2019-07-06T07:20:41.805600Z,35.73,-117.55,9,2.99
2019-07-06T07:26:26.086400Z,35.69,-117.45,9,2.97
2019-07-06T07:28:10.074000Z,35.63,-117.41,9,3.0
2019-07-06T07:29:53.292600Z,35.89,-117.71,9,2.36
2019-07-06T07:30:04.438000Z,35.87,-117.71,9,2.78
2019-07-06T07:31:14.178800Z,35.69,-117.45,7,3.72
2019-07-06T07:44:11.607200Z,35.91,-117.71,9,2.31
2019-07-06T07:54:46.196400Z,35.71,-117.51,9,4.45
2019-07-06T07:59:47.502400Z,35.69,-117.47,9,2.87
2019-07-06T08:01:00.281200Z,35.65,-117.45,9,3.48
2019-07-06T08:22:03.185200Z,35.65,-117.51,9,2.92
2019-07-06T08:23:18.933200Z,35.93,-117.67,9,2.29
2019-07-06T08:38:41.031200Z,35.97,-117.29,9,2.97
2019-07-06T08:41:32.690000Z,35.69,-117.45,5,3.69
2019-07-06T08:46:31.898000Z,35.67,-117.51,5,3.41
2019-07-06T08:55:12.826400Z,35.97,-117.67,9,2.49
2019-07-06T09:11:57.816000Z,35.95,-117.79,9,2.39
2019-07-06T09:13:49.963600Z,35.73,-117.53,9,2.16
2019-07-06T09:36:38.680400Z,35.91,-117.75,9,3.22
2019-07-06T09:41:50.657200Z,35.95,-117.75,9,2.7
2019-07-06T09:52:12.465200Z,35.91,-117.69,9,2.42
2019-07-06T09:54:42.048400Z,35.93,-117.71,9,2.68
2019-07-06T10:04:31.646800Z,35.71,-117.55,9,2.95
2019-07-06T10:25:06.788800Z,35.87,-117.71,9,3.3
2019-07-06T10:28:42.598400Z,35.91,-117.75,9,2.85
2019-07-06T10:36:10.125400Z,35.67,-117.47,9,3.18
2019-07-06T10:37:08.774800Z,35.91,-117.73,9,2.97
2019-07-06T10:37:27.420800Z,35.57,-117.31,3,3.51
2019-07-06T10:41:26.062400Z,35.89,-117.71,9,3.17
2019-07-06T10:46:31.163200Z,35.83,-117.65,9,1.88
2019-07-06T10:47:48.390400Z,35.71,-117.45,9,2.41
2019-07-06T10:52:07.903800Z,35.69,-117.47,9,2.67
2019-07-06T10:52:30.567200Z,35.65,-117.47,9,2.82
2019-07-06T10:56:52.561200Z,35.89,-117.71,9,2.28
2019-07-06T10:58:28.949200Z,35.87,-117.67,9,2.24
2019-07-06T11:05:19.802400Z,35.91,-117.65,9,2.1
2019-07-06T11:25:15.261600Z,35.69,-117.47,9,2.92
2019-07-06T11:35:56.884400Z,35.93,-117.67,7,2.41
2019-07-06T11:40:52.190400Z,35.89,-117.67,9,2.72
2019-07-06T11:49:56.165200Z,35.87,-117.73,9,2.46
2019-07-06T11:53:07.755400Z,35.93,-117.75,9,4.32
2019-07-06T12:03:49.124000Z,35.75,-117.51,9,2.71
2019-07-06T12:04:59.394400Z,35.89,-117.73,9,3.74
2019-07-06T12:09:02.314800Z,35.93,-117.69,9,2.61
2019-07-06T12:35:49.567200Z,35.85,-117.59,9,2.54
2019-07-06T12:48:18.435600Z,35.85,-117.57,9,2.52
2019-07-06T12:49:38.826000Z,35.57,-117.37,9,3.28
2019-07-06T12:52:29.338800Z,35.75,-117.53,9,2.3
2019-07-06T13:03:28.029000Z,35.85,-117.67,9,1.89
2019-07-06T13:06:14.320000Z,35.71,-117.47,9,2.25
2019-07-06T13:06:54.630400Z,35.97,-117.67,9,4.55
2019-07-06T13:31:36.946600Z,35.89,-117.69,9,2.23
2019-07-06T13:37:56.544000Z,35.77,-117.55,9,2.31
2019-07-06T13:38:49.436200Z,35.65,-117.47,9,2.84
2019-07-06T13:53:28.892000Z,35.93,-117.67,9,2.18
2019-07-06T13:58:00.645200Z,35.81,-117.59,9,2.77
2019-07-06T13:59:20.747200Z,35.89,-117.77,9,2.99
2019-07-06T14:18:13.455200Z,35.69,-117.47,9,2.13
2019-07-06T14:19:52.093000Z,35.69,-117.49,9,2.82
2019-07-06T14:28:05.680000Z,35.93,-117.77,9,2.0
2019-07-06T14:38:29.336400Z,35.67,-117.45,9,2.27
2019-07-06T14:39:22.390400Z,35.73,-117.57,9,2.51
2019-07-06T14:55:45.720000Z,35.81,-117.55,7,2.87
2019-07-06T14:58:17.132600Z,35.87,-117.65,9,2.08
2019-07-06T15:00:01.986600Z,35.85,-117.65,9,2.08
2019-07-06T15:04:22.533200Z,35.65,-117.51,3,2.0
2019-07-06T15:09:14.954000Z,35.89,-117.75,9,3.32
2019-07-06T15:10:49.626800Z,35.55,-117.39,7,2.97
2019-07-06T15:27:22.019600Z,35.75,-117.53,9,2.89
2019-07-06T15:28:34.792400Z,35.91,-117.67,9,2.04
2019-07-06T15:30:49.466400Z,35.67,-117.57,9,3.32
2019-07-06T15:36:41.392000Z,35.55,-117.35,9,2.5
2019-07-06T15:51:56.180800Z,35.89,-117.67,9,1.82
2019-07-06T15:53:45.847200Z,36.15,-117.89,7,2.91
2019-07-06T15:54:21.028000Z,35.89,-117.69,9,2.41
2019-07-06T16:01:07.922400Z,35.57,-117.37,5,3.33
2019-07-06T16:05:33.679200Z,35.87,-117.59,9,2.09
2019-07-06T16:09:46.016000Z,35.75,-117.51,3,2.34
2019-07-06T16:10:09.867200Z,36.11,-117.87,7,3.19
2019-07-06T16:15:32.387600Z,35.93,-117.63,9,2.43
2019-07-06T16:19:12.032600Z,35.63,-117.45,3,2.5
2019-07-06T16:31:37.179200Z,35.67,-117.41,3,2.22
2019-07-06T16:38:34.090000Z,35.81,-117.57,9,2.29
2019-07-06T16:41:10.378000Z,35.77,-117.53,9,2.6
2019-07-06T16:48:06.713400Z,35.63,-117.41,9,3.09
2019-07-06T16:49:21.234000Z,35.53,-117.45,9,2.91
2019-07-06T16:51:26.577600Z,35.91,-117.77,9,1.69
2019-07-06T17:13:10.016400Z,35.95,-117.69,9,2.18
2019-07-06T17:17:41.387200Z,35.81,-117.75,5,2.04
2019-07-06T17:29:46.483600Z,35.61,-117.41,9,2.5
2019-07-06T17:31:21.609200Z,35.77,-117.55,9,3.34
2019-07-06T17:55:55.513400Z,35.69,-117.55,9,1.96
2019-07-06T18:11:18.720600Z,35.91,-117.75,9,2.25
2019-07-06T18:13:15.859200Z,35.93,-117.73,9,3.56
2019-07-06T18:14:34.606400Z,35.89,-117.65,9,2.25
2019-07-06T18:23:08.450000Z,35.59,-117.37,9,3.06
2019-07-06T18:36:09.141000Z,35.93,-117.63,3,2.01
2019-07-06T18:49:41.181600Z,35.93,-117.57,3,1.47
2019-07-06T18:50:48.740800Z,35.75,-117.47,3,2.18
2019-07-06T18:53:17.025600Z,35.95,-117.73,9,2.67
2019-07-06T18:54:46.916000Z,35.91,-117.65,9,1.55
2019-07-06T18:56:38.863200Z,35.63,-117.53,9,3.48
2019-07-06T18:59:41.266400Z,35.55,-117.37,7,2.95
2019-07-06T19:11:06.108000Z,35.63,-117.45,9,2.09
2019-07-06T19:19:37.856800Z,35.89,-117.65,9,2.12
2019-07-06T19:28:48.327200Z,35.87,-117.79,9,1.38
2019-07-06T19:35:09.493200Z,36.19,-117.87,7,2.91
2019-07-06T19:37:59.418000Z,35.65,-117.47,9,3.0
2019-07-06T19:40:27.526000Z,35.89,-117.69,9,2.15
2019-07-06T19:54:02.966400Z,35.83,-117.63,9,2.5
2019-07-06T19:56:58.038400Z,35.59,-117.35,9,2.35
2019-07-06T20:02:23.110400Z,35.69,-117.55,3,2.06
2019-07-06T20:03:09.120200Z,35.69,-117.53,3,1.97
2019-07-06T20:05:29.948400Z,35.81,-117.63,9,2.19
2019-07-06T20:07:59.209600Z,35.53,-117.33,7,2.18
2019-07-06T20:19:19.979400Z,35.65,-117.49,9,2.7
2019-07-06T20:34:11.894800Z,35.95,-117.71,9,3.05
2019-07-06T20:47:56.814400Z,35.75,-117.57,9,2.52
2019-07-06T20:55:13.799600Z,35.65,-117.43,9,1.95
2019-07-06T21:14:35.252800Z,35.53,-117.29,7,2.71
2019-07-06T21:19:54.520400Z,35.93,-117.71,9,2.31
2019-07-06T21:30:36.638000Z,35.69,-117.49,9,2.62
2019-07-06T21:36:11.404400Z,35.89,-117.71,9,2.55
2019-07-06T21:38:57.155400Z,35.85,-117.55,9,1.86
2019-07-06T21:41:25.169600Z,35.67,-117.45,7,2.9
2019-07-06T21:44:12.852400Z,35.81,-117.53,9,2.61
2019-07-06T21:50:10.953200Z,35.91,-117.69,9,1.42
2019-07-06T21:53:59.716600Z,35.69,-117.47,9,2.89
2019-07-06T22:07:52.137000Z,35.63,-117.45,3,1.98
2019-07-06T22:13:15.616200Z,35.97,-117.27,7,2.24
2019-07-06T22:26:59.241200Z,35.69,-117.45,7,3.21
2019-07-06T22:31:33.647600Z,35.73,-117.51,9,2.42
2019-07-06T22:43:49.176400Z,35.89,-117.67,9,2.23
2019-07-06T22:46:49.593600Z,35.75,-117.55,9,2.59
2019-07-06T22:47:15.296000Z,35.77,-117.53,9,2.57
2019-07-06T22:55:53.815400Z,35.95,-117.69,9,1.73
2019-07-06T22:57:19.116000Z,35.99,-117.71,9,2.22
2019-07-06T23:13:40.342400Z,35.65,-117.47,9,2.63
2019-07-06T23:38:29.621200Z,36.17,-117.95,9,3.64
2019-07-06T23:41:12.985200Z,35.59,-117.45,9,2.52
2019-07-06T23:43:56.146000Z,35.93,-117.67,9,1.87
2019-07-06T23:44:48.970800Z,35.89,-117.75,9,2.31
2019-07-06T23:46:47.878000Z,35.83,-117.67,9,2.36
2019-07-06T00:03:56.242400Z,35.67,-117.55,7,1.23
2019-07-06T00:09:57.294400Z,35.55,-117.53,3,1.57
2019-07-06T00:22:19.826000Z,35.75,-117.51,5,1.53
2019-07-06T00:26:24.310800Z,35.73,-117.51,7,1.25
2019-07-06T00:38:03.288800Z,35.75,-117.51,7,1.34
2019-07-06T00:38:34.206400Z,35.65,-117.49,9,1.47
2019-07-06T00:45:10.760800Z,35.71,-117.45,9,0.92
2019-07-06T00:50:17.223600Z,35.71,-117.51,9,1.12
2019-07-06T00:59:33.660200Z,35.75,-117.51,7,1.27
2019-07-06T01:15:47.583600Z,35.65,-117.53,9,0.95
2019-07-06T01:21:20.626400Z,35.73,-117.51,7,1.34
2019-07-06T01:46:43.396800Z,35.69,-117.41,5,1.24
2019-07-06T01:55:57.322600Z,35.55,-117.57,7,1.06
2019-07-06T02:01:36.978400Z,35.69,-117.43,3,0.89
2019-07-06T02:05:20.426400Z,35.67,-117.47,7,1.19
2019-07-06T02:07:29.306000Z,35.73,-117.55,9,1.13
2019-07-06T02:08:14.436800Z,35.67,-117.47,9,1.46
2019-07-06T02:38:47.946800Z,35.65,-117.45,9,1.24
2019-07-06T02:51:14.412800Z,35.63,-117.45,7,0.84
2019-07-06T03:01:14.298800Z,35.57,-117.57,5,1.89
2019-07-06T03:02:49.699200Z,35.57,-117.59,7,0.86
2019-07-06T03:03:38.992000Z,35.75,-117.51,9,1.36
2019-07-06T03:30:24.701600Z,35.55,-117.33,9,4.56
2019-07-06T03:40:04.011600Z,35.91,-117.71,9,3.86
2019-07-06T03:54:46.568000Z,35.77,-117.59,9,3.74
2019-07-06T03:59:48.202000Z,35.87,-117.67,9,3.54
2019-07-06T04:06:14.088800Z,35.53,-117.33,7,3.98
2019-07-06T04:13:06.558000Z,35.91,-117.69,3,5.29
2019-07-06T04:16:16.848200Z,35.83,-117.63,9,3.65
2019-07-06T04:18:07.472800Z,35.65,-117.43,9,3.74
2019-07-06T04:27:10.109400Z,35.91,-117.71,9,3.64
2019-07-06T04:33:24.126400Z,35.93,-117.71,9,3.12
2019-07-06T04:40:15.636600Z,35.63,-117.45,9,4.67
2019-07-06T04:42:40.519200Z,35.89,-117.87,7,3.06
2019-07-06T04:43:22.580000Z,35.69,-117.53,9,3.33
2019-07-06T05:03:36.383600Z,35.89,-117.69,9,3.72
2019-07-06T05:22:33.378400Z,35.85,-117.63,9,2.96
2019-07-06T05:23:21.303800Z,35.93,-117.67,9,3.0
2019-07-06T05:26:05.918600Z,35.91,-117.71,9,2.91
2019-07-06T05:29:40.128400Z,35.89,-117.73,9,2.96
2019-07-06T05:32:59.942800Z,35.85,-117.67,9,3.79
2019-07-06T05:40:08.904800Z,35.73,-117.59,9,3.19
2019-07-06T05:43:50.471600Z,35.85,-117.67,3,2.57
2019-07-06T05:52:05.230800Z,35.61,-117.39,5,3.7
2019-07-06T05:58:16.854800Z,35.97,-117.65,9,4.28
2019-07-06T06:01:51.356400Z,35.91,-117.77,9,4.71
2019-07-06T06:05:35.386800Z,35.91,-117.69,9,3.18
2019-07-06T06:15:02.611600Z,35.69,-117.51,9,2.87
2019-07-06T06:18:10.832000Z,35.93,-117.73,7,3.54
2019-07-06T06:22:02.116400Z,35.81,-117.61,9,2.7
2019-07-06T06:30:17.532800Z,35.43,-117.41,3,2.96
2019-07-06T06:32:26.422000Z,35.75,-117.55,9,3.21
2019-07-06T06:33:09.150000Z,35.69,-117.43,9,2.95
2019-07-06T06:40:01.428800Z,35.93,-117.73,9,2.77
2019-07-06T06:45:57.158000Z,35.61,-117.43,9,2.9
2019-07-06T06:47:07.612400Z,35.79,-117.59,9,3.61
2019-07-06T06:52:23.697600Z,35.89,-117.85,3,2.57
2019-07-06T07:11:00.378000Z,35.89,-117.69,7,2.62
2019-07-06T07:16:02.952600Z,35.97,-117.87,9,4.01
2019-07-06T07:35:24.544000Z,35.69,-117.51,7,2.89
2019-07-06T07:36:09.332800Z,35.61,-117.43,9,2.92
2019-07-06T07:37:57.272800Z,35.85,-117.67,9,2.31
2019-07-06T07:45:41.116400Z,35.61,-117.45,9,2.9
2019-07-06T07:48:25.076400Z,35.89,-117.63,5,2.25
2019-07-06T07:48:59.589200Z,35.57,-117.37,9,3.0
2019-07-06T07:59:02.602800Z,35.75,-117.51,3,2.61
2019-07-06T08:04:42.031600Z,35.89,-117.77,9,2.6
2019-07-06T08:05:22.879600Z,35.59,-117.41,9,2.94
2019-07-06T08:09:04.671600Z,35.81,-117.57,9,2.82
2019-07-06T08:14:36.740800Z,35.85,-117.67,9,2.57
2019-07-06T08:17:57.273200Z,35.91,-117.91,3,2.83
2019-07-06T08:27:52.707200Z,35.91,-117.69,9,2.65
2019-07-06T08:32:13.073600Z,35.87,-117.63,9,2.33
2019-07-06T08:43:09.571200Z,35.69,-117.49,9,2.75
2019-07-06T08:48:28.146400Z,35.59,-117.43,7,2.61
2019-07-06T09:02:21.749600Z,35.55,-117.33,9,2.84
2019-07-06T09:09:21.499600Z,35.59,-117.39,7,2.31
2019-07-06T09:15:43.078000Z,35.87,-117.69,3,2.51
2019-07-06T09:20:59.104800Z,35.87,-117.73,9,2.89
2019-07-06T09:23:40.846800Z,36.13,-117.89,3,3.3
2019-07-06T09:25:39.469200Z,35.77,-117.59,9,2.59
2019-07-06T09:26:16.402400Z,35.73,-117.49,9,2.52
2019-07-06T09:26:57.702800Z,35.89,-117.73,9,2.74
2019-07-06T09:43:01.733600Z,35.83,-117.67,9,2.84
2019-07-06T09:53:21.220000Z,35.87,-117.65,9,2.45
2019-07-06T09:59:26.318000Z,35.89,-117.73,9,4.29
2019-07-06T10:02:36.944400Z,35.71,-117.55,7,3.37
2019-07-06T10:15:01.015200Z,35.61,-117.39,9,2.99
2019-07-06T10:16:07.243000Z,35.65,-117.43,9,2.74
2019-07-06T10:19:17.923600Z,35.89,-117.69,9,2.77
2019-07-06T10:21:54.464800Z,35.77,-117.59,9,2.59
2019-07-06T10:32:43.107200Z,35.71,-117.49,9,2.87
2019-07-06T10:39:55.288800Z,35.89,-117.71,5,2.41
2019-07-06T10:45:44.130800Z,35.87,-117.73,9,2.43
2019-07-06T10:50:30.128400Z,35.85,-117.65,7,2.31
2019-07-06T10:51:40.440800Z,35.65,-117.41,7,2.68
2019-07-06T11:03:23.547600Z,35.83,-117.69,9,1.82
2019-07-06T11:10:23.590000Z,35.95,-117.75,9,2.98
2019-07-06T11:14:40.724800Z,35.73,-117.49,5,2.45
2019-07-06T11:25:02.290000Z,35.93,-117.73,9,2.16
2019-07-06T11:37:25.678400Z,35.95,-117.71,9,2.53
2019-07-06T11:38:54.550000Z,35.63,-117.45,9,2.7
2019-07-06T11:39:45.976800Z,35.61,-117.41,3,1.95
2019-07-06T11:42:49.446000Z,35.75,-117.51,9,2.35
2019-07-06T11:48:10.468400Z,35.87,-117.65,9,2.24
2019-07-06T11:51:07.719200Z,35.53,-117.29,7,3.02
2019-07-06T12:02:16.081600Z,35.61,-117.43,9,2.49
2019-07-06T12:06:34.615800Z,35.89,-117.59,9,1.95
2019-07-06T12:12:12.929200Z,35.83,-117.61,9,2.6
2019-07-06T12:13:27.755400Z,35.95,-117.75,9,2.46
2019-07-06T12:25:59.675600Z,35.67,-117.51,9,2.63
2019-07-06T12:26:34.328400Z,35.83,-117.69,9,1.86
2019-07-06T12:31:14.598400Z,35.55,-117.33,9,2.26
2019-07-06T12:33:07.206800Z,35.71,-117.53,5,1.74
2019-07-06T12:35:34.089200Z,35.87,-117.91,9,1.85
2019-07-06T12:40:45.667200Z,35.93,-117.61,7,3.35
2019-07-06T12:44:21.330600Z,35.89,-117.69,9,1.81
2019-07-06T12:45:17.329200Z,35.97,-117.95,3,2.14
2019-07-06T12:49:23.954400Z,35.91,-117.73,9,1.86
2019-07-06T12:51:41.315200Z,35.69,-117.49,9,2.19
2019-07-06T13:18:20.892400Z,35.93,-117.61,9,2.77
2019-07-06T13:21:06.380800Z,35.89,-117.73,9,2.23
2019-07-06T13:25:45.186800Z,35.91,-117.73,9,2.69
2019-07-06T13:32:33.293200Z,35.91,-117.71,9,2.56
2019-07-06T13:34:45.980000Z,35.93,-117.73,9,3.29
2019-07-06T13:39:42.524000Z,35.93,-117.73,9,2.56
2019-07-06T13:46:50.428200Z,35.63,-117.45,9,2.4
2019-07-06T13:49:42.201200Z,35.65,-117.45,9,2.79
2019-07-06T14:20:59.126800Z,35.65,-117.47,9,2.85
2019-07-06T14:25:06.438000Z,35.71,-117.51,5,2.63
2019-07-06T14:37:41.098200Z,35.87,-117.69,9,1.75
2019-07-06T14:42:13.509600Z,35.67,-117.45,3,2.14
2019-07-06T14:43:32.523600Z,35.59,-117.35,9,2.48
2019-07-06T14:47:47.828000Z,35.93,-117.69,9,1.87
2019-07-06T14:59:26.118000Z,35.83,-117.59,9,1.96
2019-07-06T15:02:12.839000Z,35.65,-117.51,3,2.23
2019-07-06T15:06:08.326600Z,35.91,-117.71,9,2.67
2019-07-06T15:19:53.123800Z,35.91,-117.75,9,3.02
2019-07-06T15:25:58.056200Z,35.69,-117.53,9,3.1
2019-07-06T15:27:02.021200Z,35.81,-117.61,3,2.23
2019-07-06T15:29:53.050400Z,35.89,-117.69,9,2.78
2019-07-06T15:38:48.317600Z,36.05,-117.87,7,2.49
2019-07-06T15:39:53.529600Z,35.67,-117.49,9,2.08
2019-07-06T16:08:58.677600Z,35.71,-117.51,9,1.92
2019-07-06T16:18:01.001600Z,36.13,-117.87,7,2.0
2019-07-06T16:27:09.809200Z,35.77,-117.49,9,2.27
2019-07-06T16:36:05.311600Z,35.55,-117.49,9,4.11
2019-07-06T16:39:40.391600Z,35.83,-117.59,9,1.91
2019-07-06T16:40:11.692400Z,35.79,-117.71,3,2.07
2019-07-06T16:46:37.185000Z,35.69,-117.43,9,1.99
2019-07-06T16:47:21.279200Z,35.89,-117.73,9,2.93
2019-07-06T16:48:37.928800Z,35.55,-117.49,9,3.27
2019-07-06T16:52:45.693200Z,35.91,-117.69,9,1.77
2019-07-06T17:00:33.182800Z,35.87,-117.69,5,2.3
2019-07-06T17:16:39.928600Z,35.59,-117.43,9,2.66
2019-07-06T17:17:53.772400Z,35.65,-117.49,9,3.02
2019-07-06T17:21:50.038000Z,35.63,-117.39,9,2.07
2019-07-06T17:24:40.347600Z,35.65,-117.55,9,2.46
2019-07-06T17:29:09.671200Z,35.77,-117.53,3,1.83
2019-07-06T17:34:00.136600Z,35.91,-117.65,3,2.06
2019-07-06T17:39:33.107600Z,35.75,-117.55,7,2.27
2019-07-06T17:44:07.265800Z,35.75,-117.55,9,2.43
2019-07-06T17:47:33.050800Z,35.91,-117.69,9,1.83
2019-07-06T17:50:24.932800Z,35.87,-117.69,5,2.11
2019-07-06T17:58:35.146800Z,35.77,-117.53,7,1.76
2019-07-06T18:03:09.988800Z,35.75,-117.51,7,1.6
2019-07-06T18:15:30.268400Z,35.79,-117.57,9,2.49
2019-07-06T18:17:13.189600Z,35.93,-117.67,9,1.32
2019-07-06T18:25:31.263400Z,35.91,-117.71,9,1.88
2019-07-06T18:43:53.067800Z,35.75,-117.57,3,1.61
2019-07-06T18:48:53.332800Z,35.59,-117.53,3,2.17
2019-07-06T19:03:43.197200Z,35.93,-117.69,9,1.64
2019-07-06T19:15:04.296000Z,35.65,-117.41,9,2.51
2019-07-06T19:18:14.210400Z,35.83,-117.63,9,2.02
2019-07-06T19:29:03.012400Z,35.87,-117.63,9,2.13
2019-07-06T19:31:25.883600Z,35.97,-117.71,9,1.34
2019-07-06T19:34:32.722400Z,35.91,-117.71,7,1.39
2019-07-06T19:41:37.238800Z,35.69,-117.49,9,2.43
2019-07-06T19:44:04.373200Z,35.55,-117.33,9,2.24
2019-07-06T19:56:23.087600Z,35.79,-117.61,9,2.26
2019-07-06T19:59:22.850400Z,35.65,-117.49,9,1.93
2019-07-06T20:04:03.581600Z,35.95,-117.71,9,2.22
2019-07-06T20:16:36.965200Z,35.93,-117.71,9,2.45
2019-07-06T20:22:20.375800Z,35.89,-117.67,9,2.35
2019-07-06T20:37:50.430400Z,35.99,-117.73,9,2.68
2019-07-06T20:48:17.775000Z,35.83,-117.61,9,1.89
2019-07-06T20:58:48.800200Z,35.85,-117.65,9,1.73
2019-07-06T21:05:01.742400Z,35.69,-117.53,5,1.86
2019-07-06T21:11:18.778400Z,35.77,-117.59,9,2.09
2019-07-06T21:39:31.540400Z,35.95,-117.75,9,1.12
2019-07-06T21:48:11.880800Z,35.63,-117.41,9,2.11
2019-07-06T21:48:38.789200Z,35.87,-117.61,9,2.07
2019-07-06T21:56:37.415200Z,35.91,-117.73,9,2.03
2019-07-06T21:57:18.240400Z,35.91,-117.71,9,2.52
2019-07-06T22:22:43.457600Z,36.05,-117.89,9,3.14
2019-07-06T22:30:47.832000Z,35.93,-117.75,9,2.63
2019-07-06T22:41:25.652000Z,35.65,-117.47,9,2.87
2019-07-06T22:56:09.625400Z,35.57,-117.51,9,2.27
2019-07-06T22:58:22.310000Z,35.65,-117.47,9,2.44
2019-07-06T23:08:44.775800Z,35.81,-117.59,7,1.92
2019-07-06T23:10:15.899200Z,35.93,-117.81,9,1.56
2019-07-06T23:28:52.622400Z,35.77,-117.53,9,2.42
2019-07-06T23:33:37.532800Z,35.69,-117.51,9,2.47
2019-07-06T23:36:14.458200Z,35.65,-117.45,9,1.97
2019-07-06T23:59:20.635000Z,35.53,-117.31,7,1.88
2019-07-06T00:07:21.996400Z,35.75,-117.49,9,1.22
2019-07-06T00:08:31.689600Z,35.69,-117.47,7,1.31
2019-07-06T00:12:47.138800Z,35.37,-117.31,7,3.32
2019-07-06T00:20:02.596800Z,35.69,-117.29,9,3.49
2019-07-06T00:24:47.022000Z,35.69,-117.51,7,0.95
2019-07-06T00:25:26.946400Z,35.59,-117.57,7,0.51
2019-07-06T00:25:49.613200Z,35.77,-117.57,5,1.01
2019-07-06T00:27:06.921200Z,35.61,-117.53,7,1.2
2019-07-06T00:28:22.157200Z,35.71,-117.53,3,1.05
2019-07-06T00:37:11.088200Z,35.55,-117.59,7,1.19
2019-07-06T01:00:36.827200Z,35.57,-117.51,5,1.15
2019-07-06T01:07:46.652800Z,35.57,-117.55,7,1.75
2019-07-06T01:13:48.471600Z,35.75,-117.53,7,0.89
2019-07-06T01:16:47.551600Z,35.75,-117.49,9,1.27
2019-07-06T01:26:30.914400Z,35.69,-117.41,9,1.1
2019-07-06T01:28:58.733000Z,35.57,-117.55,5,1.62
2019-07-06T01:41:59.155200Z,35.73,-117.49,3,1.02
2019-07-06T01:46:57.328000Z,35.99,-117.69,3,1.6
2019-07-06T02:06:26.872000Z,35.69,-117.47,7,1.17
2019-07-06T02:10:42.226000Z,35.57,-117.59,9,1.78
2019-07-06T02:12:13.746800Z,35.75,-117.53,5,1.51
2019-07-06T02:15:06.432800Z,35.59,-117.55,9,1.75
2019-07-06T02:21:42.812800Z,35.55,-117.55,9,1.06
2019-07-06T02:25:37.048000Z,35.57,-117.61,9,1.16
2019-07-06T02:32:50.737000Z,35.59,-117.55,3,1.52
2019-07-06T02:37:53.220000Z,35.69,-117.45,9,1.53
2019-07-06T02:46:34.298000Z,35.67,-117.47,9,0.92
2019-07-06T02:57:20.273200Z,35.63,-117.51,9,1.36
2019-07-06T03:11:06.275600Z,35.73,-117.51,3,1.09
2019-07-06T03:27:06.911200Z,35.95,-117.79,9,4.41
2019-07-06T03:29:31.578000Z,35.97,-117.79,9,4.78
2019-07-06T03:31:48.365200Z,35.93,-117.73,9,3.69
2019-07-06T03:33:09.542400Z,35.73,-117.55,9,4.57
2019-07-06T03:35:04.439200Z,35.99,-117.73,9,4.13
2019-07-06T03:37:04.870800Z,35.73,-117.51,9,4.06
2019-07-06T03:38:13.633000Z,35.35,-117.51,9,3.62
2019-07-06T03:47:53.060000Z,35.93,-117.69,9,5.13
2019-07-06T03:57:37.788400Z,35.89,-117.69,9,3.88
2019-07-06T04:26:54.836400Z,35.67,-117.51,7,3.16
2019-07-06T04:35:18.889200Z,35.87,-117.73,9,3.42
2019-07-06T04:36:30.058800Z,35.67,-117.45,9,3.27
2019-07-06T04:41:02.552400Z,35.91,-117.67,9,3.52
2019-07-06T04:48:35.034800Z,35.89,-117.63,9,2.75
2019-07-06T04:50:04.019600Z,35.77,-117.55,3,3.87
2019-07-06T05:11:32.522000Z,35.91,-117.67,9,2.44
2019-07-06T05:16:04.498400Z,35.97,-117.79,9,3.15
2019-07-06T05:20:43.432800Z,35.87,-117.63,3,2.67
2019-07-06T05:21:01.990800Z,35.71,-117.49,3,3.23
2019-07-06T05:22:18.690000Z,35.67,-117.53,3,2.74
2019-07-06T05:26:52.431200Z,35.67,-117.39,9,3.84
2019-07-06T05:32:28.752400Z,35.89,-117.63,5,3.24
2019-07-06T05:49:57.145600Z,35.67,-117.41,9,3.08
2019-07-06T05:55:06.829600Z,35.91,-117.71,9,2.84
2019-07-06T05:56:01.416400Z,35.93,-117.91,9,2.53
2019-07-06T05:57:03.966400Z,35.65,-117.47,5,2.84
2019-07-06T06:01:46.063600Z,35.45,-117.59,9,4.39
2019-07-06T06:03:24.160000Z,35.75,-117.53,3,2.61
2019-07-06T06:07:39.686800Z,35.59,-117.37,9,3.46
2019-07-06T06:09:07.815600Z,35.93,-117.73,9,3.28
2019-07-06T06:11:44.917800Z,35.91,-117.73,3,2.84
2019-07-06T06:18:03.344400Z,36.21,-117.57,5,3.92
2019-07-06T06:22:35.318800Z,35.91,-117.65,9,2.39
2019-07-06T06:25:52.224000Z,35.87,-117.63,9,2.98
2019-07-06T06:31:55.075600Z,35.91,-117.75,9,3.4
2019-07-06T06:44:59.795800Z,35.81,-117.73,3,2.87
2019-07-06T06:50:36.042000Z,35.65,-117.43,9,3.67
2019-07-06T06:54:25.511200Z,35.93,-117.63,9,2.86
2019-07-06T07:06:37.194800Z,35.91,-117.69,7,2.71
2019-07-06T07:07:14.213600Z,35.69,-117.49,9,2.44
2019-07-06T07:09:56.056800Z,35.93,-117.67,9,3.1
2019-07-06T07:11:32.074600Z,35.73,-117.49,5,3.13
2019-07-06T07:23:43.554400Z,35.89,-117.67,9,2.64
2019-07-06T07:24:14.996000Z,35.71,-117.47,9,2.83
2019-07-06T07:24:46.356000Z,35.97,-117.91,3,3.15
2019-07-06T07:25:22.993200Z,35.73,-117.51,7,2.89
2019-07-06T07:33:09.552400Z,35.73,-117.95,9,2.21
2019-07-06T07:34:23.400000Z,35.89,-117.63,3,3.01
2019-07-06T07:45:17.625600Z,35.89,-117.63,9,2.38
2019-07-06T07:51:30.398800Z,35.61,-117.37,9,2.48
2019-07-06T07:54:28.871200Z,35.91,-117.67,3,2.42
2019-07-06T08:07:42.847400Z,35.83,-117.57,9,1.81
2019-07-06T08:12:20.480800Z,35.65,-117.45,7,2.6
2019-07-06T08:12:56.782800Z,35.67,-117.53,9,2.65
2019-07-06T08:13:21.492400Z,35.87,-117.69,3,2.7
2019-07-06T08:16:19.826800Z,35.71,-117.47,9,2.4
2019-07-06T08:17:32.735600Z,35.73,-117.51,7,2.48
2019-07-06T08:18:28.439600Z,35.71,-117.57,9,2.76
2019-07-06T08:20:29.278000Z,35.91,-117.73,5,2.89
2019-07-06T08:21:26.620000Z,35.71,-117.45,9,2.36
2019-07-06T08:25:08.720600Z,35.91,-117.71,9,1.99
2019-07-06T08:25:39.458000Z,35.91,-117.67,9,1.92
2019-07-06T08:30:21.623200Z,35.71,-117.53,9,2.11
2019-07-06T08:30:33.124400Z,35.67,-117.45,9,2.82
2019-07-06T08:42:46.439200Z,35.65,-117.39,9,2.83
2019-07-06T08:44:49.167200Z,35.85,-117.67,9,2.84
2019-07-06T08:54:47.142800Z,35.63,-117.53,5,2.7
2019-07-06T08:56:32.822800Z,35.61,-117.41,9,2.66
2019-07-06T08:58:58.558600Z,35.93,-117.71,9,3.04
2019-07-06T09:14:22.658400Z,35.91,-117.57,5,2.12
2019-07-06T09:17:40.410000Z,35.93,-117.69,3,2.63
2019-07-06T09:17:44.748200Z,35.69,-117.49,3,2.85
2019-07-06T09:27:08.189600Z,35.61,-117.59,9,3.73
2019-07-06T09:35:49.418600Z,35.91,-117.69,9,2.71
2019-07-06T09:37:57.713000Z,35.89,-117.67,9,2.62
2019-07-06T09:38:30.123600Z,35.99,-117.89,3,3.16
2019-07-06T09:44:53.172000Z,35.57,-117.45,9,2.42
2019-07-06T09:45:21.061600Z,35.83,-117.57,9,2.39
2019-07-06T09:47:16.325200Z,35.75,-117.61,9,2.81
2019-07-06T09:48:05.415600Z,35.57,-117.45,9,2.51
2019-07-06T09:50:21.427200Z,35.63,-117.37,9,2.44
2019-07-06T09:51:20.125600Z,35.89,-117.75,3,3.33
2019-07-06T09:56:54.046000Z,35.73,-117.57,7,2.68
2019-07-06T09:59:59.708000Z,35.79,-117.57,9,3.79
2019-07-06T10:02:24.044000Z,35.67,-117.49,9,3.2
2019-07-06T10:12:54.320400Z,35.91,-117.73,9,2.12
2019-07-06T10:26:30.043200Z,35.91,-117.73,9,2.47
2019-07-06T10:35:17.818800Z,35.55,-117.33,3,3.44
2019-07-06T10:43:18.705600Z,36.07,-117.51,3,2.95
2019-07-06T10:44:54.660800Z,35.73,-117.55,3,1.38
2019-07-06T10:55:04.456600Z,35.45,-117.23,9,2.39
2019-07-06T10:55:40.754000Z,35.61,-117.43,9,2.61
2019-07-06T10:57:53.558800Z,35.75,-117.53,9,2.56
2019-07-06T11:06:00.194200Z,35.81,-117.59,9,2.9
2019-07-06T11:10:10.651200Z,35.69,-117.49,5,2.29
2019-07-06T11:14:56.193200Z,35.89,-117.69,9,2.61
2019-07-06T11:24:21.059800Z,35.91,-117.73,9,2.35
2019-07-06T11:33:08.772000Z,35.99,-117.91,9,2.19
2019-07-06T11:34:51.484000Z,35.57,-117.39,9,3.06
2019-07-06T11:36:23.025800Z,35.71,-117.49,3,2.39
2019-07-06T11:44:37.608800Z,35.85,-117.65,9,2.33
2019-07-06T11:57:04.944000Z,35.99,-117.41,9,3.54
2019-07-06T11:58:25.602800Z,36.11,-117.85,3,2.69
2019-07-06T11:59:20.549400Z,35.91,-117.73,3,1.72
2019-07-06T12:00:48.496400Z,35.89,-117.75,9,2.36
2019-07-06T12:01:20.704000Z,35.59,-117.35,9,2.28
2019-07-06T12:03:02.715200Z,35.75,-117.49,7,2.47
2019-07-06T12:07:21.378800Z,35.73,-117.53,9,1.95
2019-07-06T12:16:10.904400Z,35.87,-117.67,9,1.69
2019-07-06T12:18:17.074800Z,35.79,-117.55,9,2.68
2019-07-06T12:19:11.378400Z,35.47,-117.33,3,2.97
2019-07-06T12:24:22.122800Z,35.67,-117.49,9,2.19
2019-07-06T12:24:42.397200Z,35.65,-117.43,9,2.51
2019-07-06T12:25:44.358400Z,35.67,-117.49,7,2.07
2019-07-06T12:28:26.724400Z,35.77,-117.51,3,2.99
2019-07-06T12:31:56.315600Z,35.71,-117.49,5,2.64
2019-07-06T12:34:25.656000Z,35.91,-117.67,9,1.81
2019-07-06T12:37:05.284000Z,35.89,-117.73,9,2.61
2019-07-06T12:37:40.605600Z,35.95,-117.83,9,2.02
2019-07-06T12:38:47.306400Z,35.73,-117.53,3,1.73
2019-07-06T12:39:30.225200Z,35.51,-117.39,7,2.32
2019-07-06T12:48:02.014400Z,35.87,-117.63,9,1.77
2019-07-06T12:56:51.372400Z,35.81,-117.61,9,2.24
2019-07-06T13:00:17.695400Z,35.49,-117.41,3,2.0
2019-07-06T13:05:50.518000Z,35.85,-117.57,9,1.8
2019-07-06T13:28:18.063600Z,35.59,-117.43,9,2.51
2019-07-06T13:30:06.791200Z,36.15,-117.87,3,3.15
2019-07-06T13:32:59.123200Z,35.63,-117.45,9,3.53
2019-07-06T13:33:57.191600Z,35.75,-117.49,5,2.68
2019-07-06T13:49:14.474200Z,35.85,-117.63,3,1.82
2019-07-06T13:51:46.390400Z,35.83,-117.59,5,2.0
2019-07-06T13:52:36.649600Z,35.95,-117.71,9,2.36
2019-07-06T13:57:15.389400Z,35.53,-117.27,3,2.9
2019-07-06T14:01:56.952400Z,35.87,-117.59,3,1.98
2019-07-06T14:02:33.209600Z,35.69,-117.51,7,2.23
2019-07-06T14:11:22.080800Z,35.85,-117.63,9,2.8
2019-07-06T14:25:24.477600Z,35.79,-117.53,9,2.82
2019-07-06T14:32:41.797200Z,35.85,-117.71,9,2.7
2019-07-06T14:32:59.508200Z,35.75,-117.51,5,2.47
2019-07-06T14:43:08.488000Z,35.59,-117.31,9,2.5
2019-07-06T14:45:15.762800Z,35.59,-117.37,9,2.17
2019-07-06T14:53:31.684000Z,35.89,-117.69,9,2.02
2019-07-06T14:56:35.837600Z,35.59,-117.43,9,2.45
2019-07-06T15:03:16.111200Z,35.69,-117.43,9,2.12
2019-07-06T15:05:56.161000Z,35.89,-117.69,9,2.41
2019-07-06T15:08:21.672800Z,35.63,-117.43,9,3.04
2019-07-06T15:24:42.312000Z,35.65,-117.55,9,1.94
2019-07-06T15:25:07.141600Z,36.13,-117.89,7,2.31
2019-07-06T15:30:39.763200Z,35.89,-117.63,9,2.2
2019-07-06T15:31:30.335600Z,35.83,-117.65,3,2.38
2019-07-06T15:34:22.475400Z,35.35,-117.33,3,2.26
2019-07-06T15:38:04.926400Z,35.93,-117.73,9,2.0
2019-07-06T15:41:25.251600Z,35.71,-117.51,9,2.1
2019-07-06T15:44:04.286800Z,35.91,-117.63,3,2.45
2019-07-06T15:49:02.891200Z,35.93,-117.75,3,1.75
2019-07-06T16:03:50.788800Z,36.01,-117.91,5,1.86
2019-07-06T16:09:26.278400Z,35.61,-117.45,9,2.63
2019-07-06T16:19:47.423600Z,35.91,-117.69,9,2.36
2019-07-06T16:25:25.490600Z,35.75,-117.53,5,1.84
2019-07-06T16:42:00.113200Z,35.95,-117.95,9,3.91
2019-07-06T16:46:55.400800Z,35.89,-117.67,9,2.95
2019-07-06T16:53:28.158600Z,35.65,-117.41,7,1.68
2019-07-06T16:55:34.429000Z,35.77,-117.47,5,1.77
2019-07-06T16:55:55.426000Z,35.81,-117.63,3,1.52
2019-07-06T17:01:40.920800Z,35.85,-117.69,9,2.59
2019-07-06T17:04:58.003200Z,35.67,-117.51,9,3.0
2019-07-06T17:07:03.866400Z,35.65,-117.45,9,2.58
2019-07-06T17:07:40.157200Z,35.69,-117.31,3,2.25
2019-07-06T17:23:16.239000Z,35.69,-117.51,9,2.18
2019-07-06T17:23:48.233800Z,35.59,-117.39,9,2.05
2019-07-06T17:26:12.854800Z,35.99,-117.81,5,2.33
2019-07-06T17:27:30.647600Z,35.93,-117.71,9,2.36
2019-07-06T17:30:39.217600Z,35.55,-117.45,9,2.4
2019-07-06T17:36:34.558000Z,35.93,-117.83,9,2.27
2019-07-06T17:42:38.326400Z,35.87,-117.71,9,2.87
2019-07-06T17:48:00.230400Z,35.65,-117.45,3,1.82
2019-07-06T17:48:16.471800Z,35.89,-117.73,9,2.12
2019-07-06T17:59:03.411600Z,35.51,-117.27,3,3.17
2019-07-06T18:07:36.823800Z,35.69,-117.41,3,2.28
2019-07-06T18:19:38.987600Z,35.41,-117.29,5,3.16
2019-07-06T18:35:08.810800Z,35.85,-117.67,9,2.55
2019-07-06T18:41:24.923600Z,35.99,-117.25,9,2.0
2019-07-06T18:42:28.938400Z,35.61,-117.53,3,2.43
2019-07-06T18:43:06.328800Z,35.87,-117.67,9,1.51
2019-07-06T18:55:20.771600Z,35.91,-117.67,9,2.58
2019-07-06T18:56:15.584800Z,35.57,-117.47,9,2.21
2019-07-06T18:56:25.090800Z,35.91,-117.71,9,2.52
2019-07-06T18:58:33.716000Z,35.57,-117.37,9,2.36
2019-07-06T19:14:43.211600Z,35.87,-117.65,9,2.16
2019-07-06T19:16:02.798200Z,35.79,-117.63,9,2.85
2019-07-06T19:18:19.484000Z,35.59,-117.37,9,2.6
2019-07-06T19:22:59.341200Z,35.87,-117.69,9,2.23
2019-07-06T19:26:32.725600Z,35.91,-117.69,9,1.47
2019-07-06T19:27:06.799800Z,35.61,-117.41,9,2.55
2019-07-06T19:29:27.674000Z,35.89,-117.67,9,1.86
2019-07-06T19:37:02.135200Z,35.87,-117.87,5,1.42
2019-07-06T19:43:00.501200Z,35.73,-117.51,3,2.3
2019-07-06T19:45:24.982600Z,35.75,-117.53,7,1.5
2019-07-06T19:51:51.949600Z,35.95,-117.75,5,2.31
2019-07-06T19:56:02.127200Z,35.91,-117.67,9,1.52
2019-07-06T19:58:35.863800Z,35.91,-117.69,9,2.06
2019-07-06T20:03:22.726400Z,35.63,-117.47,9,2.16
2019-07-06T20:05:52.496400Z,36.13,-117.91,7,2.96
2019-07-06T20:12:59.588400Z,36.15,-117.87,7,2.47
2019-07-06T20:14:35.497600Z,35.79,-117.53,3,2.23
2019-07-06T20:27:51.981800Z,35.55,-117.45,7,1.82
2019-07-06T20:29:43.300400Z,35.93,-117.67,9,1.49
2019-07-06T20:35:44.383200Z,35.99,-117.23,9,2.08
2019-07-06T20:56:20.618000Z,35.71,-117.45,7,1.98
2019-07-06T20:58:22.787600Z,35.85,-117.59,9,1.71
2019-07-06T20:59:09.443000Z,35.77,-117.57,9,2.34
2019-07-06T21:07:29.410000Z,35.63,-117.41,9,2.5
2019-07-06T21:09:08.389600Z,35.89,-117.55,3,1.89
2019-07-06T21:12:24.283200Z,35.51,-117.27,3,2.14
2019-07-06T21:18:25.490000Z,35.61,-117.41,9,1.88
2019-07-06T21:24:03.879600Z,35.59,-117.37,9,2.57
2019-07-06T21:25:42.085200Z,35.57,-117.29,5,2.52
2019-07-06T21:25:45.619200Z,35.97,-117.77,9,2.72
2019-07-06T21:35:51.339200Z,35.89,-117.67,9,1.1
2019-07-06T21:37:37.058400Z,35.93,-117.69,9,1.46
2019-07-06T21:45:48.040000Z,35.59,-117.35,3,2.36
2019-07-06T21:51:42.095000Z,35.87,-117.65,9,2.38
2019-07-06T21:54:25.569200Z,35.69,-117.45,3,2.38
2019-07-06T21:59:29.738000Z,35.77,-117.57,5,1.58
2019-07-06T22:14:49.749000Z,35.89,-117.67,5,1.86
2019-07-06T22:22:35.532000Z,35.79,-117.53,3,1.84
2019-07-06T22:30:34.243200Z,35.63,-117.47,5,1.93
2019-07-06T22:34:28.836400Z,35.95,-117.67,3,2.34
2019-07-06T22:35:48.385400Z,35.41,-117.33,3,2.16
2019-07-06T22:40:52.752800Z,35.71,-117.47,9,2.5
2019-07-06T22:44:20.728800Z,35.85,-117.65,9,1.49
2019-07-06T22:45:15.470600Z,35.81,-117.59,9,1.58
2019-07-06T22:48:38.842600Z,35.67,-117.45,9,2.0
2019-07-06T23:04:27.263200Z,35.93,-117.65,9,1.41
2019-07-06T23:05:38.146800Z,35.73,-117.51,9,2.71
2019-07-06T23:06:36.466800Z,35.81,-117.55,9,1.86
2019-07-06T23:13:04.040800Z,35.73,-117.49,3,2.61
2019-07-06T23:15:23.090000Z,35.71,-117.39,9,1.85
2019-07-06T23:19:31.286800Z,35.69,-117.45,3,2.25
2019-07-06T23:36:55.158800Z,35.79,-117.55,9,1.61
2019-07-06T23:40:06.995200Z,35.61,-117.41,3,1.55
2019-07-06T23:42:19.199600Z,35.81,-117.61,3,1.67
2019-07-06T23:48:13.813600Z,35.77,-117.57,9,2.27
2019-07-06T23:50:18.164000Z,36.05,-117.79,5,1.99
2019-07-06T23:54:50.856400Z,35.91,-117.71,9,2.28
2019-07-06T00:06:38.774200Z,35.75,-117.53,7,1.33
2019-07-06T00:20:06.471200Z,35.75,-117.53,7,3.14
2019-07-06T00:29:56.218800Z,35.75,-117.51,3,1.24
2019-07-06T00:34:21.263200Z,35.63,-117.53,9,1.13
2019-07-06T00:41:15.895200Z,35.65,-117.59,9,2.25
2019-07-06T01:11:51.212000Z,35.61,-117.77,9,2.05
2019-07-06T01:23:05.269600Z,35.61,-117.57,7,0.7
2019-07-06T01:23:42.406000Z,35.69,-117.39,7,1.09
2019-07-06T01:27:44.235200Z,35.43,-117.65,3,2.23
2019-07-06T01:27:50.540000Z,35.71,-117.57,3,2.2
2019-07-06T01:43:32.870400Z,35.63,-117.47,3,0.96
2019-07-06T01:45:22.470000Z,35.53,-117.53,3,0.91
2019-07-06T01:53:05.329000Z,35.67,-117.41,3,1.2
2019-07-06T01:57:52.522000Z,35.77,-117.55,5,1.41
2019-07-06T02:17:32.751600Z,35.75,-117.53,7,1.16
2019-07-06T02:29:07.648200Z,35.63,-117.49,7,0.91
2019-07-06T02:33:24.483600Z,35.75,-117.49,5,0.93
2019-07-06T02:47:27.851600Z,35.65,-117.49,9,0.99
2019-07-06T02:47:57.132800Z,35.67,-117.49,3,1.73
2019-07-06T02:56:59.029200Z,35.69,-117.47,7,1.18
2019-07-06T03:06:07.246800Z,35.73,-117.41,9,1.11
2019-07-06T03:11:30.680000Z,35.55,-117.55,5,1.4
2019-07-06T03:12:00.382400Z,35.71,-117.51,3,0.92
2019-07-06T03:22:03.090800Z,35.91,-117.95,7,4.53
2019-07-06T03:22:16.806000Z,35.73,-117.51,9,4.98
2019-07-06T03:25:19.277400Z,36.11,-117.57,3,4.5
2019-07-06T03:28:46.627200Z,35.93,-117.73,9,4.23
2019-07-06T03:30:59.676800Z,35.91,-117.69,9,4.09
2019-07-06T03:34:03.738000Z,35.87,-117.63,9,3.82
2019-07-06T03:43:08.761400Z,35.91,-117.71,9,3.73
2019-07-06T03:45:04.061200Z,35.67,-117.35,3,4.19
2019-07-06T03:52:54.520800Z,35.55,-117.39,9,4.12
2019-07-06T04:01:05.614800Z,35.79,-117.63,9,3.04
2019-07-06T04:02:42.746000Z,35.69,-117.55,9,3.5
2019-07-06T04:09:50.179400Z,35.69,-117.49,5,3.52
2019-07-06T04:10:48.604200Z,35.83,-117.57,9,3.82
2019-07-06T04:12:13.430000Z,35.69,-117.43,9,4.3
2019-07-06T04:16:49.056400Z,35.83,-117.65,3,3.42
2019-07-06T04:23:28.486800Z,35.65,-117.47,9,3.33
2019-07-06T04:26:10.012800Z,35.79,-117.95,3,3.42
2019-07-06T04:32:12.379800Z,35.73,-117.53,3,3.48
2019-07-06T04:35:15.458000Z,35.59,-117.35,9,3.43
2019-07-06T04:36:44.112400Z,35.47,-117.65,5,5.63
2019-07-06T04:36:50.197200Z,35.87,-117.73,9,4.21
2019-07-06T04:39:09.946400Z,35.91,-117.77,3,2.83
2019-07-06T04:42:54.378800Z,35.71,-117.59,7,3.34
2019-07-06T04:57:26.359200Z,35.91,-117.71,9,3.47
2019-07-06T05:01:51.221600Z,35.77,-117.57,9,3.14
2019-07-06T05:02:35.638000Z,35.81,-117.67,3,3.12
2019-07-06T05:04:53.517200Z,35.81,-117.61,3,3.4
2019-07-06T05:06:09.453600Z,35.91,-117.71,9,2.34
2019-07-06T05:09:59.070800Z,35.91,-117.65,3,2.88
2019-07-06T05:16:20.381200Z,35.93,-117.75,9,3.15
2019-07-06T05:17:06.948000Z,35.97,-117.65,3,3.08
2019-07-06T05:28:42.910400Z,35.87,-117.67,9,3.76
2019-07-06T05:29:28.193200Z,35.69,-117.39,7,2.89
2019-07-06T05:30:17.852400Z,35.77,-117.53,3,2.41
2019-07-06T05:35:04.510400Z,35.95,-117.63,3,2.87
2019-07-06T05:35:50.907600Z,35.91,-117.67,3,2.91
2019-07-06T05:41:48.218000Z,35.77,-117.55,9,3.81
2019-07-06T05:56:43.954400Z,35.79,-117.65,9,2.75
2019-07-06T06:07:08.621800Z,35.57,-117.33,5,3.68
2019-07-06T06:10:50.129200Z,35.71,-117.41,9,2.76
2019-07-06T06:20:27.229000Z,35.75,-117.53,7,2.53
2019-07-06T06:28:57.320000Z,35.81,-117.67,7,3.79
2019-07-06T06:36:38.197200Z,35.77,-117.55,9,2.84
2019-07-06T06:43:49.558800Z,35.83,-117.71,9,3.05
2019-07-06T06:46:11.030400Z,35.91,-117.57,7,2.84
2019-07-06T06:46:56.431000Z,35.59,-117.31,3,3.39
2019-07-06T06:47:54.527200Z,35.71,-117.51,5,2.87
2019-07-06T06:48:53.259000Z,35.67,-117.41,3,2.41
2019-07-06T06:51:51.429600Z,36.01,-117.51,9,2.63
2019-07-06T07:07:36.177600Z,35.93,-117.63,9,3.29
2019-07-06T07:15:12.552400Z,35.91,-117.63,9,2.1
2019-07-06T07:22:59.859400Z,35.59,-117.49,3,2.54
2019-07-06T07:23:22.589200Z,35.89,-117.71,9,3.08
2019-07-06T07:34:55.250400Z,35.93,-117.73,9,3.14
2019-07-06T07:53:25.816400Z,35.91,-117.71,9,3.02
2019-07-06T08:05:48.140400Z,35.35,-117.23,7,3.39
2019-07-06T08:05:55.051600Z,35.89,-117.67,9,3.16
2019-07-06T08:20:56.930400Z,35.57,-117.39,3,2.72
2019-07-06T08:22:52.179600Z,35.65,-117.47,3,2.5
2019-07-06T08:24:04.104400Z,35.89,-117.71,9,2.93
2019-07-06T08:32:56.946400Z,35.61,-117.43,5,4.7
2019-07-06T08:35:14.884800Z,35.91,-117.71,9,2.39
2019-07-06T08:35:25.357200Z,35.81,-117.57,9,2.46
2019-07-06T08:37:55.084800Z,35.91,-117.65,9,2.37
2019-07-06T08:44:20.893800Z,35.65,-117.53,9,2.08
2019-07-06T08:46:59.558400Z,35.53,-117.35,9,2.83
2019-07-06T08:57:49.729600Z,35.65,-117.49,9,2.79
2019-07-06T08:59:52.591400Z,35.41,-117.23,9,4.3
2019-07-06T09:04:02.891800Z,35.69,-117.49,3,2.5
2019-07-06T09:14:50.635600Z,35.93,-117.71,9,3.03
2019-07-06T09:27:59.182800Z,35.97,-117.65,7,3.16
2019-07-06T09:39:25.998800Z,35.55,-117.49,9,2.63
2019-07-06T09:39:32.366800Z,35.87,-117.69,9,2.79
2019-07-06T09:50:37.080400Z,35.89,-117.69,9,2.85
2019-07-06T09:54:12.365600Z,35.73,-117.49,3,2.27
2019-07-06T09:56:33.460800Z,35.77,-117.57,7,2.63
2019-07-06T09:57:19.779400Z,35.87,-117.67,9,2.58
2019-07-06T09:58:40.604000Z,35.91,-117.73,9,2.2
2019-07-06T10:05:03.221400Z,35.67,-117.49,3,2.32
2019-07-06T10:05:32.094400Z,35.89,-117.95,9,3.41
2019-07-06T10:07:31.311200Z,35.97,-117.79,9,2.7
2019-07-06T10:08:02.307600Z,35.87,-117.65,9,3.17
2019-07-06T10:10:20.444200Z,35.91,-117.77,7,2.67
2019-07-06T10:14:01.707600Z,35.75,-117.55,7,2.5
2019-07-06T10:16:25.963200Z,35.55,-117.37,9,2.43
2019-07-06T10:24:32.037600Z,35.71,-117.49,7,2.29
2019-07-06T10:27:59.217800Z,35.69,-117.51,9,3.37
2019-07-06T10:45:05.535600Z,35.87,-117.55,3,2.65
2019-07-06T10:56:22.594400Z,35.53,-117.33,9,2.32
2019-07-06T10:59:10.149600Z,36.17,-117.23,9,3.98
2019-07-06T11:02:30.410000Z,35.67,-117.53,9,2.96
2019-07-06T11:21:02.820000Z,35.87,-117.67,9,2.19
2019-07-06T11:21:31.039600Z,35.87,-117.69,9,1.83
2019-07-06T11:21:52.192000Z,35.93,-117.69,7,2.61
2019-07-06T11:27:05.340400Z,35.95,-117.81,3,1.86
2019-07-06T11:28:17.086800Z,35.73,-117.61,3,2.25
2019-07-06T11:30:41.213000Z,35.69,-117.45,9,1.95
2019-07-06T11:33:42.327000Z,35.57,-117.33,5,2.55
2019-07-06T11:56:19.844400Z,35.93,-117.73,9,2.64
2019-07-06T11:57:13.476400Z,35.79,-117.71,9,3.05
2019-07-06T12:00:28.962400Z,35.63,-117.43,9,2.56
2019-07-06T12:07:57.387000Z,35.69,-117.51,9,2.19
2019-07-06T12:14:51.404000Z,36.03,-117.69,9,1.98
2019-07-06T12:15:21.469200Z,35.61,-117.43,3,1.94
2019-07-06T12:15:54.037600Z,35.89,-117.69,3,1.77
2019-07-06T12:16:51.074800Z,35.97,-117.77,7,2.35
2019-07-06T12:18:06.602400Z,35.73,-117.47,7,2.3
2019-07-06T12:40:02.394400Z,35.89,-117.67,9,2.51
2019-07-06T12:42:30.762800Z,35.77,-117.53,9,2.15
2019-07-06T12:54:56.875200Z,35.79,-117.61,9,1.89
2019-07-06T13:04:33.998200Z,35.87,-117.69,9,1.95
2019-07-06T13:13:01.357200Z,35.83,-117.53,9,2.52
2019-07-06T13:14:31.329200Z,35.83,-117.69,9,2.18
2019-07-06T13:14:49.530800Z,35.81,-117.63,3,2.03
2019-07-06T13:27:38.742800Z,35.69,-117.57,5,2.94
2019-07-06T13:29:40.030800Z,35.97,-117.71,9,2.09
2019-07-06T13:30:33.626400Z,35.87,-117.61,9,2.42
2019-07-06T13:45:18.774600Z,35.39,-117.47,9,2.47
2019-07-06T13:45:29.948000Z,35.91,-117.63,9,3.17
2019-07-06T13:46:21.116000Z,35.67,-117.49,3,2.19
2019-07-06T13:53:13.960200Z,35.53,-117.53,9,1.64
2019-07-06T13:54:02.236200Z,35.89,-117.69,9,2.1
2019-07-06T13:56:31.647200Z,35.87,-117.71,9,2.99
2019-07-06T13:58:33.457600Z,35.63,-117.39,9,2.32
2019-07-06T14:02:11.338400Z,35.65,-117.43,3,2.74
2019-07-06T14:06:46.541200Z,35.73,-117.43,9,1.89
2019-07-06T14:11:10.928400Z,35.89,-117.67,9,1.67
2019-07-06T14:14:25.912800Z,35.65,-117.47,5,1.74
2019-07-06T14:18:54.944000Z,35.85,-117.61,9,2.26
2019-07-06T14:26:30.809800Z,35.59,-117.43,3,1.62
2019-07-06T14:35:29.487400Z,35.95,-117.71,7,2.06
2019-07-06T14:44:16.835200Z,35.91,-117.71,9,3.1
2019-07-06T14:47:20.418400Z,35.73,-117.51,5,2.15
2019-07-06T14:51:07.420000Z,35.81,-117.53,9,2.37
2019-07-06T14:52:02.582400Z,35.77,-117.53,9,1.84
2019-07-06T15:03:49.160600Z,35.93,-117.69,3,1.78
2019-07-06T15:05:18.686000Z,35.89,-117.69,9,2.64
2019-07-06T15:13:26.762400Z,35.93,-117.65,3,2.04
2019-07-06T15:14:30.376000Z,35.97,-117.71,9,2.41
2019-07-06T15:14:59.165000Z,35.89,-117.65,7,2.04
2019-07-06T15:16:53.405400Z,35.83,-117.55,9,1.66
2019-07-06T15:17:31.618200Z,35.63,-117.43,9,1.7
2019-07-06T15:21:44.267200Z,35.65,-117.47,3,2.11
2019-07-06T15:25:44.206400Z,35.69,-117.47,3,2.18
2019-07-06T15:28:03.097600Z,35.73,-117.51,3,2.09
2019-07-06T15:32:13.850400Z,35.93,-117.95,9,2.11
2019-07-06T15:34:56.034000Z,35.87,-117.71,9,2.02
2019-07-06T15:35:22.215600Z,35.89,-117.69,9,2.27
2019-07-06T15:41:56.263600Z,35.75,-117.53,9,2.11
2019-07-06T15:44:36.472600Z,36.01,-117.85,3,1.97
2019-07-06T15:47:58.974000Z,36.13,-117.89,7,2.5
2019-07-06T15:50:08.053200Z,35.77,-117.59,9,2.11
2019-07-06T16:03:16.576800Z,35.71,-117.49,5,2.09
2019-07-06T16:08:06.891400Z,35.69,-117.47,3,2.66
2019-07-06T16:14:13.629600Z,35.93,-117.61,7,2.23
2019-07-06T16:29:27.544000Z,35.63,-117.47,7,2.48
2019-07-06T16:32:55.624400Z,35.93,-117.69,9,2.71
2019-07-06T16:34:24.443200Z,35.95,-117.65,3,2.1
2019-07-06T16:44:34.476000Z,35.79,-117.57,7,2.08
2019-07-06T16:45:16.048000Z,35.71,-117.53,9,2.48
2019-07-06T16:50:19.396400Z,35.65,-117.39,9,1.89
2019-07-06T16:50:44.190400Z,35.93,-117.75,9,1.51
2019-07-06T16:52:12.722600Z,35.75,-117.53,9,1.78
2019-07-06T17:00:49.198400Z,35.87,-117.67,9,1.94
2019-07-06T17:03:47.042600Z,35.79,-117.49,7,1.42
2019-07-06T17:08:49.082400Z,35.73,-117.45,9,2.1
2019-07-06T17:21:22.049200Z,35.89,-117.67,9,2.18
2019-07-06T17:25:44.733200Z,35.97,-117.25,5,3.25
2019-07-06T17:25:47.597600Z,35.67,-117.47,9,2.67
2019-07-06T17:29:19.657600Z,35.95,-117.67,9,2.04
2019-07-06T17:34:56.409000Z,35.69,-117.51,9,2.41
2019-07-06T17:37:35.163200Z,35.75,-117.55,9,2.18
2019-07-06T17:40:26.760000Z,35.87,-117.59,9,1.67
2019-07-06T17:45:49.096400Z,35.91,-117.71,3,1.49
2019-07-06T17:51:48.396400Z,35.89,-117.73,9,2.46
2019-07-06T17:52:02.132400Z,35.69,-117.57,9,2.38
2019-07-06T17:52:26.346800Z,35.87,-117.65,9,1.99
2019-07-06T18:01:53.613200Z,35.87,-117.63,9,2.27
2019-07-06T18:11:29.934400Z,36.09,-117.33,7,2.64
2019-07-06T18:12:57.797600Z,35.95,-117.77,9,1.95
2019-07-06T18:15:59.871800Z,35.95,-117.81,7,1.56
2019-07-06T18:21:49.900800Z,35.69,-117.49,5,1.84
2019-07-06T18:26:20.075200Z,35.71,-117.43,9,1.57
2019-07-06T18:29:55.190000Z,35.75,-117.53,7,1.86
2019-07-06T18:58:17.949600Z,35.91,-117.69,9,1.91
2019-07-06T18:58:40.968800Z,35.87,-117.95,9,2.85
2019-07-06T19:00:43.924800Z,36.03,-117.67,3,2.42
2019-07-06T19:01:21.060400Z,35.67,-117.47,3,1.58
2019-07-06T19:01:47.307600Z,35.77,-117.53,7,1.67
2019-07-06T19:02:03.399800Z,35.67,-117.49,3,1.87
2019-07-06T19:10:20.064600Z,35.93,-117.73,9,2.75
2019-07-06T19:20:27.256800Z,35.55,-117.43,3,2.31
2019-07-06T19:28:20.149600Z,35.91,-117.73,7,2.06
2019-07-06T19:32:51.510800Z,35.87,-117.75,9,2.73
2019-07-06T19:39:05.426000Z,35.89,-117.63,5,1.93
2019-07-06T19:48:48.752800Z,35.89,-117.67,9,1.95
2019-07-06T19:54:19.947800Z,36.21,-117.65,9,3.25
2019-07-06T20:01:11.906000Z,35.75,-117.53,9,1.92
2019-07-06T20:09:58.596400Z,35.85,-117.65,3,1.26
2019-07-06T20:11:35.371400Z,35.91,-117.71,9,2.68
2019-07-06T20:20:05.046800Z,35.95,-117.77,9,1.73
2019-07-06T20:28:04.577800Z,35.87,-117.63,9,2.03
2019-07-06T20:42:58.632000Z,35.61,-117.53,3,2.25
2019-07-06T20:48:45.292400Z,35.59,-117.39,5,2.06
2019-07-06T20:48:56.548000Z,35.87,-117.63,9,2.44
2019-07-06T20:52:36.294400Z,35.73,-117.51,7,1.84
2019-07-06T20:57:56.610000Z,35.81,-117.67,9,1.63
2019-07-06T21:00:24.490000Z,35.67,-117.53,3,2.48
2019-07-06T21:01:32.705600Z,35.65,-117.37,9,2.04
2019-07-06T21:04:19.408000Z,35.87,-117.71,9,2.41
2019-07-06T21:07:21.530400Z,35.95,-117.65,5,2.04
2019-07-06T21:13:03.773600Z,35.93,-117.75,9,3.05
2019-07-06T21:19:07.005400Z,35.77,-117.51,9,2.31
2019-07-06T21:21:51.377200Z,35.87,-117.67,9,2.36
2019-07-06T21:31:56.371000Z,35.49,-117.31,3,2.24
2019-07-06T21:52:38.193200Z,35.67,-117.45,3,2.58
2019-07-06T22:02:25.436800Z,35.65,-117.41,3,1.55
2019-07-06T22:02:42.803800Z,35.67,-117.37,9,2.21
2019-07-06T22:10:11.609600Z,35.89,-117.73,7,1.51
2019-07-06T22:22:03.807400Z,35.85,-117.65,9,2.05
2019-07-06T22:25:11.436400Z,35.87,-117.65,9,2.1
2019-07-06T22:29:26.177800Z,35.79,-117.59,7,1.5
2019-07-06T22:43:10.400600Z,35.63,-117.41,9,1.56
2019-07-06T22:53:39.574000Z,35.59,-117.41,3,1.59
2019-07-06T22:54:33.430000Z,36.11,-117.89,3,2.68
2019-07-06T22:55:05.657400Z,35.89,-117.71,7,2.45
2019-07-06T22:57:47.667200Z,35.95,-117.71,9,2.56
2019-07-06T23:00:15.657600Z,35.91,-117.69,9,2.77
2019-07-06T23:11:28.539400Z,35.93,-117.77,3,1.81
2019-07-06T23:14:09.571600Z,35.51,-117.65,3,1.77
2019-07-06T23:25:22.340200Z,36.13,-117.41,9,2.3
2019-07-06T23:33:25.487800Z,35.73,-117.47,9,1.89
2019-07-06T23:41:43.593200Z,35.87,-117.69,9,1.86
2019-07-06T23:45:54.066800Z,35.89,-117.67,7,2.27
2019-07-06T23:47:57.579600Z,35.85,-117.67,9,1.98
2019-07-06T23:52:42.841600Z,35.67,-117.47,7,2.38
2019-07-06T23:57:51.176400Z,35.93,-117.77,3,2.23
