2019-07-05T00:09:20.469600Z,35.73,-117.49,9,2.65
2019-07-05T00:18:00.909600Z,35.77,-117.57,9,4.41
2019-07-05T00:28:48.640000Z,35.71,-117.51,9,2.89
2019-07-05T00:45:39.117800Z,35.69,-117.49,9,4.39
2019-07-05T01:08:53.081200Z,35.71,-117.51,9,3.18
2019-07-05T01:18:13.060800Z,35.63,-117.49,9,3.27
2019-07-05T01:21:55.776000Z,35.67,-117.47,9,2.52
2019-07-05T01:43:17.096800Z,35.59,-117.59,9,2.57
2019-07-05T01:58:07.111200Z,35.71,-117.43,9,2.99
2019-07-05T02:01:40.870000Z,35.77,-117.59,9,3.43
2019-07-05T02:05:18.711200Z,35.63,-117.47,9,3.38
2019-07-05T02:11:34.155200Z,35.63,-117.53,9,2.17
2019-07-05T02:13:51.445200Z,35.63,-117.51,9,2.93
2019-07-05T02:23:55.424800Z,35.69,-117.43,9,2.95
2019-07-05T02:26:05.026400Z,35.61,-117.53,9,2.33
2019-07-05T02:59:49.184800Z,35.65,-117.47,9,3.03
2019-07-05T03:01:12.813600Z,35.75,-117.53,9,2.72
2019-07-05T03:25:20.291400Z,35.69,-117.47,9,2.73
2019-07-05T03:43:01.334400Z,35.73,-117.49,9,2.07
2019-07-05T03:50:13.620400Z,35.69,-117.43,9,2.67
2019-07-05T03:54:41.402400Z,35.69,-117.43,9,2.27
2019-07-05T04:30:20.520000Z,35.63,-117.51,9,2.45
2019-07-05T04:40:46.835600Z,35.73,-117.49,3,1.72
2019-07-05T04:54:43.713200Z,35.67,-117.49,9,2.06
2019-07-05T04:56:04.969600Z,35.65,-117.51,9,2.68
2019-07-05T05:01:39.250800Z,35.55,-117.59,9,2.99
2019-07-05T05:10:37.020000Z,35.69,-117.43,9,3.42
2019-07-05T05:40:11.776400Z,35.65,-117.47,9,3.19
2019-07-05T05:54:09.480800Z,35.65,-117.43,9,2.4
2019-07-05T06:24:50.104800Z,35.65,-117.51,9,2.24
2019-07-05T06:40:42.312800Z,35.69,-117.47,9,3.39
2019-07-05T06:44:16.974200Z,35.67,-117.43,9,2.25
2019-07-05T06:59:33.160800Z,35.65,-117.45,9,2.66
2019-07-05T07:39:13.029200Z,35.67,-117.45,9,3.84
2019-07-05T07:58:30.024000Z,35.71,-117.47,9,2.1
2019-07-05T08:46:49.195600Z,35.69,-117.43,9,3.22
2019-07-05T08:54:01.946400Z,35.69,-117.45,9,3.7
2019-07-05T08:56:53.010400Z,35.71,-117.53,9,2.19
2019-07-05T09:00:16.535200Z,35.73,-117.51,9,2.33
2019-07-05T09:21:15.994400Z,35.73,-117.51,3,2.05
2019-07-05T09:45:40.189200Z,35.65,-117.51,9,1.73
2019-07-05T09:53:57.297600Z,35.55,-117.61,9,2.33
2019-07-05T09:57:17.212000Z,35.65,-117.49,9,1.85
2019-07-05T10:16:34.026200Z,35.65,-117.47,9,3.24
2019-07-05T10:21:26.600800Z,35.73,-117.55,9,2.04
2019-07-05T10:23:14.405600Z,35.71,-117.41,9,2.38
2019-07-05T10:27:17.257200Z,35.71,-117.49,9,2.81
2019-07-05T10:37:36.141600Z,35.65,-117.49,9,2.19
2019-07-05T10:45:27.959600Z,35.67,-117.45,9,1.76
2019-07-05T10:48:24.250800Z,35.73,-117.53,9,2.66
2019-07-05T10:50:08.366000Z,35.55,-117.61,9,2.11
2019-07-05T10:59:38.282400Z,35.55,-117.59,9,4.11
2019-07-05T11:07:51.630800Z,35.75,-117.45,9,5.31
2019-07-05T11:11:31.530400Z,35.73,-117.55,9,2.87
2019-07-05T11:12:18.688800Z,35.73,-117.53,9,2.89
2019-07-05T11:17:19.062000Z,35.77,-117.53,9,2.47
2019-07-05T11:26:00.598600Z,35.73,-117.57,9,2.26
2019-07-05T11:29:14.390400Z,35.77,-117.53,9,3.23
2019-07-05T11:39:50.413600Z,35.75,-117.55,9,1.84
2019-07-05T11:58:48.717200Z,35.63,-117.55,9,3.06
2019-07-05T12:22:50.208800Z,35.51,-117.41,9,2.41
2019-07-05T12:25:18.350800Z,35.73,-117.53,9,2.85
2019-07-05T12:38:29.499600Z,35.77,-117.53,9,4.36
2019-07-05T12:49:35.461200Z,35.55,-117.61,9,2.75
2019-07-05T12:50:00.058800Z,35.75,-117.55,9,2.79
2019-07-05T13:12:22.979600Z,35.75,-117.53,9,2.97
2019-07-05T13:23:33.353200Z,35.77,-117.57,9,2.29
2019-07-05T13:31:23.240000Z,35.67,-117.45,9,2.68
2019-07-05T13:33:45.801600Z,35.77,-117.53,9,2.11
2019-07-05T13:41:02.611200Z,35.69,-117.47,9,2.97
2019-07-05T13:52:27.882400Z,35.75,-117.53,9,1.97
2019-07-05T14:16:48.814000Z,35.75,-117.55,9,2.3
2019-07-05T14:34:27.579600Z,35.75,-117.53,3,2.08
2019-07-05T14:37:12.361600Z,35.63,-117.53,9,1.91
2019-07-05T14:39:33.150000Z,35.73,-117.53,9,4.18
2019-07-05T14:43:06.507600Z,35.71,-117.49,9,2.34
2019-07-05T15:03:37.146000Z,35.65,-117.49,9,2.78
2019-07-05T15:10:14.575200Z,35.65,-117.51,9,1.65
2019-07-05T15:19:03.637800Z,35.71,-117.53,9,2.84
2019-07-05T15:21:40.885600Z,35.77,-117.55,9,1.89
2019-07-05T15:27:41.308800Z,35.73,-117.49,9,1.75
2019-07-05T15:30:34.448800Z,35.75,-117.55,9,2.33
2019-07-05T15:46:03.628000Z,35.69,-117.45,9,3.08
2019-07-05T16:13:59.206800Z,35.77,-117.51,5,2.4
2019-07-05T16:14:51.148000Z,35.77,-117.57,9,2.57
2019-07-05T16:17:29.927200Z,35.65,-117.51,9,1.8
2019-07-05T16:33:30.711000Z,35.67,-117.55,9,2.06
2019-07-05T16:50:30.630000Z,35.67,-117.47,9,2.4
2019-07-05T17:10:30.627600Z,35.57,-117.57,9,2.17
2019-07-05T17:13:19.015600Z,35.69,-117.49,9,1.56
2019-07-05T17:19:16.763600Z,35.73,-117.55,9,2.27
2019-07-05T17:24:44.761600Z,35.75,-117.53,9,2.19
2019-07-05T17:27:29.373400Z,35.73,-117.55,9,2.34
2019-07-05T17:56:02.092400Z,35.67,-117.43,9,1.76
2019-07-05T18:02:14.778000Z,35.67,-117.47,9,2.49
2019-07-05T18:03:29.375400Z,35.69,-117.47,9,1.41
2019-07-05T18:04:59.388800Z,35.67,-117.47,9,1.99
2019-07-05T18:09:52.133800Z,35.65,-117.47,9,2.94
2019-07-05T18:16:17.143600Z,35.79,-117.57,9,1.89
2019-07-05T18:58:32.432400Z,35.55,-117.61,9,2.23
2019-07-05T19:05:23.590000Z,35.67,-117.47,9,2.41
2019-07-05T19:17:28.888400Z,35.75,-117.55,9,2.28
2019-07-05T19:45:46.136400Z,35.71,-117.47,9,1.76
2019-07-05T19:59:36.755200Z,35.73,-117.55,9,3.12
2019-07-05T20:15:54.252400Z,35.55,-117.63,9,2.23
2019-07-05T20:33:38.832600Z,35.63,-117.59,9,2.16
2019-07-05T20:40:43.179200Z,35.75,-117.53,9,1.95
2019-07-05T20:51:18.328400Z,35.65,-117.49,9,2.87
2019-07-05T21:00:06.802400Z,35.73,-117.51,9,2.56
2019-07-05T21:05:32.059600Z,35.55,-117.61,9,2.4
2019-07-05T21:17:30.956800Z,35.71,-117.51,9,3.09
2019-07-05T21:20:34.392800Z,35.67,-117.47,9,2.0
2019-07-05T21:33:58.605200Z,35.73,-117.53,9,2.25
2019-07-05T22:05:11.557600Z,35.75,-117.55,9,2.78
2019-07-05T22:38:23.056000Z,35.77,-117.57,9,3.37
2019-07-05T22:50:52.712400Z,35.75,-117.55,9,2.58
2019-07-05T22:52:01.163200Z,35.75,-117.55,9,1.58
2019-07-05T22:53:46.034000Z,35.75,-117.53,9,1.74
2019-07-05T22:58:54.342000Z,35.63,-117.55,9,1.89
2019-07-05T23:07:31.149800Z,35.79,-117.59,9,2.83
2019-07-05T23:11:54.362400Z,35.65,-117.43,9,2.49
2019-07-05T23:27:00.201200Z,35.73,-117.49,9,2.12
2019-07-05T23:35:09.905600Z,35.77,-117.53,9,2.16
2019-07-05T23:40:57.644800Z,35.67,-117.47,9,1.92
2019-07-05T23:48:54.788400Z,35.69,-117.45,9,1.67
2019-07-05T23:55:52.338400Z,35.71,-117.55,9,2.13
2019-07-05T23:58:13.411000Z,35.71,-117.51,9,2.43
2019-07-05T00:00:19.205600Z,35.55,-117.57,9,2.15
2019-07-05T00:07:17.866800Z,35.57,-117.57,9,1.96
2019-07-05T00:11:38.405600Z,35.79,-117.49,5,1.98
2019-07-05T00:14:05.333600Z,35.61,-117.55,9,2.92
2019-07-05T00:17:18.645200Z,35.63,-117.53,9,2.31
2019-07-05T00:22:03.585200Z,35.57,-117.59,9,2.44
2019-07-05T00:32:06.390800Z,35.69,-117.43,9,4.45
2019-07-05T00:54:05.343600Z,35.71,-117.51,9,2.12
2019-07-05T01:24:28.620000Z,35.67,-117.49,9,1.78
2019-07-05T01:29:20.970800Z,35.69,-117.41,9,2.37
2019-07-05T01:33:10.217200Z,35.65,-117.53,9,2.62
2019-07-05T01:35:37.389200Z,35.57,-117.57,9,2.85
2019-07-05T02:13:36.883600Z,35.59,-117.59,9,1.51
2019-07-05T02:18:36.476800Z,35.59,-117.55,9,2.53
2019-07-05T02:19:41.413200Z,35.77,-117.57,9,3.58
2019-07-05T02:43:41.736400Z,35.65,-117.49,9,1.7
2019-07-05T02:52:31.168800Z,35.73,-117.47,9,1.81
2019-07-05T02:53:55.812800Z,35.55,-117.61,9,1.91
2019-07-05T02:58:50.488000Z,35.69,-117.43,9,2.32
2019-07-05T03:06:19.956800Z,35.69,-117.43,9,2.09
2019-07-05T03:16:49.479000Z,35.69,-117.49,9,2.05
2019-07-05T03:18:09.464200Z,35.69,-117.45,9,2.51
2019-07-05T03:21:32.688400Z,35.77,-117.57,7,2.81
2019-07-05T03:23:25.852800Z,35.63,-117.47,9,1.58
2019-07-05T03:33:02.287600Z,35.69,-117.47,9,2.49
2019-07-05T03:41:07.347600Z,35.55,-117.59,9,1.9
2019-07-05T03:46:12.426800Z,35.69,-117.43,9,2.66
2019-07-05T04:13:00.714800Z,35.67,-117.51,9,2.8
2019-07-05T04:33:04.617600Z,35.65,-117.49,9,2.71
2019-07-05T04:37:15.997800Z,35.69,-117.53,9,2.27
2019-07-05T04:39:13.379200Z,35.69,-117.41,9,2.13
2019-07-05T04:53:08.101200Z,35.57,-117.59,9,1.51
2019-07-05T05:03:26.230800Z,35.61,-117.55,9,2.03
2019-07-05T05:18:25.016000Z,35.77,-117.57,9,3.68
2019-07-05T05:23:51.346400Z,35.67,-117.45,9,2.15
2019-07-05T05:24:47.730400Z,35.69,-117.43,9,2.2
2019-07-05T05:29:16.846800Z,35.65,-117.59,3,2.88
2019-07-05T05:37:28.578000Z,35.69,-117.41,9,2.37
2019-07-05T05:52:37.439200Z,35.69,-117.41,9,2.71
2019-07-05T06:09:22.726400Z,35.61,-117.55,9,4.0
2019-07-05T06:18:35.531600Z,35.73,-117.55,9,2.35
2019-07-05T06:24:19.854800Z,35.69,-117.45,9,1.63
2019-07-05T06:31:58.960000Z,35.71,-117.55,9,2.13
2019-07-05T06:33:41.898400Z,35.71,-117.43,9,1.7
2019-07-05T06:55:30.132400Z,35.67,-117.45,9,2.08
2019-07-05T06:57:35.005200Z,35.61,-117.53,3,1.64
2019-07-05T06:59:00.487200Z,35.71,-117.51,9,2.82
2019-07-05T07:01:05.749200Z,35.73,-117.51,9,2.42
2019-07-05T07:11:48.599600Z,35.63,-117.51,9,2.61
2019-07-05T07:15:50.928800Z,35.69,-117.47,9,1.83
2019-07-05T07:19:40.844800Z,35.69,-117.47,9,2.06
2019-07-05T07:31:53.314400Z,35.63,-117.53,9,2.43
2019-07-05T07:32:52.913200Z,35.67,-117.49,9,2.32
2019-07-05T07:40:58.761600Z,35.65,-117.51,9,2.04
2019-07-05T08:00:42.896800Z,35.75,-117.53,9,3.13
2019-07-05T08:10:02.758000Z,35.65,-117.49,9,1.79
2019-07-05T08:12:07.318800Z,35.59,-117.57,9,1.86
2019-07-05T08:13:32.047600Z,35.67,-117.47,9,1.97
2019-07-05T08:21:04.454400Z,35.57,-117.59,9,3.72
2019-07-05T08:26:15.218200Z,35.59,-117.57,9,2.11
2019-07-05T08:28:17.796000Z,35.69,-117.43,9,2.28
2019-07-05T08:33:18.143200Z,35.73,-117.49,9,1.86
2019-07-05T08:34:32.549200Z,35.67,-117.49,9,1.92
2019-07-05T08:57:38.881200Z,35.67,-117.47,9,1.86
2019-07-05T09:02:39.812400Z,35.59,-117.57,9,2.48
2019-07-05T09:03:05.868000Z,35.59,-117.59,9,2.59
2019-07-05T09:09:15.333200Z,35.69,-117.45,9,2.06
2019-07-05T09:18:57.840800Z,35.69,-117.51,9,1.47
2019-07-05T09:31:21.163600Z,35.65,-117.51,9,2.12
2019-07-05T09:46:28.854000Z,35.63,-117.51,9,3.72
2019-07-05T10:03:14.612800Z,35.67,-117.47,9,1.53
2019-07-05T10:20:12.706800Z,35.55,-117.61,9,1.35
2019-07-05T10:21:00.201600Z,35.55,-117.61,9,1.89
2019-07-05T10:29:11.105400Z,35.59,-117.57,9,1.87
2019-07-05T10:33:16.261200Z,35.67,-117.47,9,2.85
2019-07-05T10:36:06.660800Z,35.69,-117.43,9,1.86
2019-07-05T10:57:26.195600Z,35.73,-117.51,9,3.06
2019-07-05T11:19:44.853600Z,35.75,-117.53,9,2.77
2019-07-05T11:20:24.588000Z,35.75,-117.53,7,2.84
2019-07-05T11:24:20.678000Z,35.77,-117.51,9,1.7
2019-07-05T11:30:39.570400Z,35.69,-117.43,9,2.61
2019-07-05T11:41:37.304000Z,35.75,-117.51,9,2.35
2019-07-05T11:46:34.949200Z,35.67,-117.43,9,2.44
2019-07-05T12:05:09.953200Z,35.75,-117.55,9,2.82
2019-07-05T12:20:34.287400Z,35.77,-117.53,7,1.08
2019-07-05T12:30:29.052800Z,35.69,-117.43,9,2.15
2019-07-05T12:52:01.654000Z,35.69,-117.49,9,1.72
2019-07-05T12:55:04.376000Z,35.75,-117.51,9,4.1
2019-07-05T13:14:59.726400Z,35.67,-117.47,9,1.85
2019-07-05T13:17:09.231600Z,35.71,-117.51,9,2.15
2019-07-05T13:22:34.718400Z,35.63,-117.57,3,2.38
2019-07-05T13:29:05.786400Z,35.67,-117.43,9,1.84
2019-07-05T13:32:44.637600Z,35.63,-117.55,9,1.9
2019-07-05T13:38:40.281600Z,35.73,-117.49,9,2.4
2019-07-05T13:39:27.086000Z,35.65,-117.45,9,1.63
2019-07-05T13:47:11.358000Z,35.73,-117.53,9,1.88
2019-07-05T13:47:33.216000Z,35.73,-117.53,9,2.89
2019-07-05T14:07:09.250400Z,35.79,-117.59,9,2.23
2019-07-05T14:11:46.772400Z,35.55,-117.59,9,2.38
2019-07-05T14:20:11.908600Z,35.75,-117.53,9,1.67
2019-07-05T14:24:41.922400Z,35.67,-117.47,9,1.8
2019-07-05T14:31:40.810400Z,35.69,-117.47,9,1.85
2019-07-05T14:36:38.173600Z,35.71,-117.51,9,2.37
2019-07-05T14:55:16.973200Z,35.71,-117.47,9,1.91
2019-07-05T15:00:08.711600Z,35.65,-117.59,9,2.91
2019-07-05T15:02:36.903200Z,35.77,-117.53,9,1.8
2019-07-05T15:14:38.829600Z,35.73,-117.49,9,1.73
2019-07-05T15:17:48.150400Z,35.67,-117.51,9,1.59
2019-07-05T15:22:35.797600Z,35.71,-117.51,9,1.96
2019-07-05T15:26:11.537200Z,35.73,-117.53,9,2.17
2019-07-05T15:56:17.296000Z,35.75,-117.53,7,1.27
2019-07-05T16:02:48.626000Z,35.69,-117.45,9,2.1
2019-07-05T16:03:40.377200Z,35.71,-117.45,9,1.77
2019-07-05T16:21:00.897200Z,35.75,-117.55,9,1.52
2019-07-05T16:36:09.038000Z,35.75,-117.55,9,2.69
2019-07-05T16:43:10.789600Z,35.63,-117.55,9,2.13
2019-07-05T17:02:36.049200Z,35.61,-117.53,9,4.35
2019-07-05T17:20:24.009600Z,35.63,-117.51,9,1.26
2019-07-05T17:21:36.936400Z,35.73,-117.49,9,2.01
2019-07-05T17:22:38.779600Z,35.77,-117.57,9,1.29
2019-07-05T17:23:43.768000Z,35.69,-117.47,9,2.24
2019-07-05T17:31:39.404000Z,35.71,-117.51,9,2.54
2019-07-05T17:36:27.841600Z,35.77,-117.53,9,1.53
2019-07-05T17:49:14.698000Z,35.75,-117.55,9,1.7
2019-07-05T17:50:10.546000Z,35.77,-117.57,9,1.59
2019-07-05T17:57:12.242600Z,35.71,-117.43,9,2.82
2019-07-05T18:12:41.261600Z,35.79,-117.57,9,1.61
2019-07-05T18:33:11.636000Z,35.71,-117.53,9,1.67
2019-07-05T18:34:47.860800Z,35.69,-117.43,9,1.86
2019-07-05T18:39:52.266000Z,35.71,-117.51,7,2.05
2019-07-05T18:41:23.566800Z,35.77,-117.51,9,2.23
2019-07-05T18:45:53.214800Z,35.55,-117.61,9,1.86
2019-07-05T18:46:14.077200Z,35.71,-117.53,9,2.3
2019-07-05T18:49:18.345400Z,35.67,-117.51,9,1.73
2019-07-05T18:52:56.786400Z,35.65,-117.53,9,2.07
2019-07-05T18:56:37.513000Z,35.71,-117.49,9,2.09
2019-07-05T19:00:48.334000Z,35.67,-117.49,9,1.68
2019-07-05T19:04:18.532000Z,35.67,-117.47,9,1.59
2019-07-05T19:09:14.146800Z,35.61,-117.57,9,2.12
2019-07-05T19:15:14.684800Z,35.73,-117.55,9,1.95
2019-07-05T19:44:17.488800Z,35.65,-117.51,9,1.74
2019-07-05T19:58:00.707200Z,35.67,-117.47,9,1.97
2019-07-05T20:02:49.548000Z,35.81,-117.57,9,1.62
2019-07-05T20:10:40.471600Z,35.73,-117.51,9,1.46
2019-07-05T20:11:39.156000Z,35.67,-117.49,9,1.84
2019-07-05T20:12:26.810400Z,35.73,-117.55,9,2.16
2019-07-05T20:13:02.274000Z,35.75,-117.51,9,2.62
2019-07-05T20:27:35.486800Z,35.79,-117.51,9,2.36
2019-07-05T20:34:27.952400Z,35.75,-117.51,9,1.74
2019-07-05T20:46:54.964000Z,35.77,-117.53,9,2.0
2019-07-05T20:53:46.523200Z,35.55,-117.59,9,2.33
2019-07-05T20:56:40.036000Z,35.55,-117.59,9,1.95
2019-07-05T21:04:08.916000Z,35.75,-117.55,9,2.17
2019-07-05T21:09:47.103600Z,35.55,-117.59,9,1.81
2019-07-05T21:13:37.178400Z,35.73,-117.51,9,3.06
2019-07-05T21:30:25.653600Z,35.59,-117.55,9,3.01
2019-07-05T21:36:47.664800Z,35.71,-117.45,9,2.22
2019-07-05T21:46:48.764000Z,35.71,-117.51,9,1.86
2019-07-05T21:49:05.336800Z,35.67,-117.49,9,2.2
2019-07-05T21:51:40.034400Z,35.65,-117.47,9,2.59
2019-07-05T22:09:20.974800Z,35.71,-117.55,9,2.29
2019-07-05T22:10:02.514800Z,35.55,-117.59,9,1.86
2019-07-05T22:10:22.301600Z,35.73,-117.51,9,2.78
2019-07-05T22:14:43.947200Z,35.77,-117.53,9,2.0
2019-07-05T22:28:02.109600Z,35.71,-117.43,9,1.79
2019-07-05T22:52:34.068400Z,35.77,-117.55,9,2.12
2019-07-05T23:01:07.580200Z,35.67,-117.47,9,2.65
2019-07-05T23:21:20.196200Z,35.67,-117.49,9,1.95
2019-07-05T23:35:25.521200Z,35.55,-117.61,9,2.54
2019-07-05T23:38:54.118400Z,35.71,-117.51,9,1.46
2019-07-05T23:43:58.074000Z,35.65,-117.43,9,1.61
2019-07-05T23:50:32.938400Z,35.73,-117.53,9,2.1
2019-07-05T23:52:00.460000Z,35.67,-117.43,9,2.22
2019-07-05T23:54:36.796800Z,35.73,-117.51,9,1.5
2019-07-05T23:57:05.333600Z,35.73,-117.49,9,2.07
2019-07-05T00:10:20.926800Z,35.65,-117.49,9,1.71
2019-07-05T00:16:42.372200Z,35.67,-117.45,9,2.07
2019-07-05T00:45:03.708600Z,35.59,-117.55,9,2.35
2019-07-05T00:50:31.180400Z,35.55,-117.61,9,2.0
2019-07-05T00:51:38.162400Z,35.55,-117.51,3,1.51
2019-07-05T00:52:52.173200Z,35.59,-117.57,9,2.24
2019-07-05T00:53:27.245000Z,35.69,-117.45,9,2.35
2019-07-05T00:56:43.373200Z,35.75,-117.53,9,1.87
2019-07-05T01:05:21.284000Z,35.77,-117.55,9,2.56
2019-07-05T01:14:03.714000Z,35.77,-117.55,9,2.41
2019-07-05T01:26:46.138400Z,35.69,-117.45,9,1.52
2019-07-05T01:31:41.639000Z,35.59,-117.55,3,1.75
2019-07-05T01:56:57.760800Z,35.63,-117.55,9,1.57
2019-07-05T01:59:09.274400Z,35.71,-117.53,9,2.07
2019-07-05T02:01:58.697200Z,35.63,-117.51,9,4.07
2019-07-05T02:04:30.825200Z,35.75,-117.51,9,2.28
2019-07-05T02:08:19.828000Z,35.67,-117.43,9,2.71
2019-07-05T02:15:45.894400Z,35.61,-117.59,9,1.62
2019-07-05T02:17:25.417000Z,35.59,-117.55,9,1.93
2019-07-05T02:23:23.254800Z,35.41,-117.35,9,2.66
2019-07-05T02:27:58.068000Z,35.57,-117.59,9,2.15
2019-07-05T02:32:15.523200Z,35.69,-117.47,9,1.67
2019-07-05T02:39:06.809200Z,35.57,-117.57,9,1.62
2019-07-05T02:46:56.196400Z,35.67,-117.45,9,1.76
2019-07-05T02:57:48.744400Z,35.57,-117.57,9,2.64
2019-07-05T03:10:23.144400Z,35.67,-117.47,9,2.1
2019-07-05T03:14:11.185200Z,35.73,-117.51,9,1.85
2019-07-05T03:17:42.406000Z,35.61,-117.53,9,2.5
2019-07-05T03:23:56.740000Z,35.71,-117.47,9,2.54
2019-07-05T03:30:59.553200Z,35.55,-117.59,9,1.51
2019-07-05T03:34:32.495000Z,35.69,-117.47,9,2.21
2019-07-05T03:35:13.573600Z,35.61,-117.61,5,2.07
2019-07-05T03:42:01.400400Z,35.67,-117.51,9,1.89
2019-07-05T03:51:41.773600Z,35.59,-117.57,9,1.63
2019-07-05T03:56:05.272000Z,35.59,-117.57,9,1.97
2019-07-05T03:56:28.417600Z,35.73,-117.53,9,1.87
2019-07-05T03:58:46.421600Z,35.75,-117.51,9,2.3
2019-07-05T04:04:40.702000Z,35.73,-117.41,9,1.57
2019-07-05T04:11:38.285600Z,35.71,-117.51,9,3.83
2019-07-05T04:47:53.827800Z,35.61,-117.55,9,1.67
2019-07-05T05:04:09.406800Z,35.71,-117.43,9,2.1
2019-07-05T05:11:34.405400Z,35.73,-117.51,9,2.4
2019-07-05T05:44:19.624800Z,35.63,-117.53,9,1.94
2019-07-05T05:45:29.560800Z,35.75,-117.39,9,1.75
2019-07-05T06:01:59.861000Z,35.67,-117.47,9,1.4
2019-07-05T06:08:21.135600Z,35.71,-117.49,9,2.14
2019-07-05T06:36:39.656800Z,35.69,-117.51,3,1.42
2019-07-05T06:37:12.715000Z,35.55,-117.61,9,1.82
2019-07-05T06:56:13.583600Z,35.65,-117.53,9,1.98
2019-07-05T07:02:07.103600Z,35.61,-117.53,7,1.78
2019-07-05T07:02:21.876800Z,35.71,-117.51,9,3.27
2019-07-05T07:15:24.009600Z,35.73,-117.51,9,1.58
2019-07-05T07:24:27.553200Z,35.63,-117.55,9,1.71
2019-07-05T07:37:47.651200Z,35.75,-117.63,9,1.73
2019-07-05T07:38:37.312400Z,35.73,-117.53,9,1.93
2019-07-05T08:02:37.435200Z,35.65,-117.45,9,2.07
2019-07-05T08:17:37.387400Z,35.69,-117.43,9,2.3
2019-07-05T08:19:32.084400Z,35.65,-117.45,9,1.28
2019-07-05T08:39:49.922800Z,35.65,-117.53,9,1.26
2019-07-05T08:56:21.490800Z,35.73,-117.51,9,2.14
2019-07-05T08:59:05.145600Z,35.59,-117.59,3,1.3
2019-07-05T09:04:04.777800Z,35.75,-117.55,9,1.77
2019-07-05T09:07:51.129600Z,35.57,-117.57,3,1.44
2019-07-05T09:10:30.629200Z,35.67,-117.45,9,2.26
2019-07-05T09:11:09.100000Z,35.65,-117.49,9,2.47
2019-07-05T09:13:37.380800Z,35.63,-117.53,9,1.65
2019-07-05T09:17:37.698800Z,35.71,-117.47,9,2.39
2019-07-05T09:17:56.824600Z,35.65,-117.51,9,2.81
2019-07-05T09:41:08.056800Z,35.75,-117.53,5,1.77
2019-07-05T09:41:22.176400Z,35.71,-117.43,9,2.66
2019-07-05T09:49:52.804800Z,35.73,-117.37,9,1.53
2019-07-05T09:55:34.333200Z,35.61,-117.51,9,1.87
2019-07-05T10:05:20.389200Z,35.75,-117.49,3,1.83
2019-07-05T10:09:10.306800Z,35.67,-117.45,9,1.25
2019-07-05T10:25:36.499400Z,35.69,-117.43,3,1.61
2019-07-05T10:42:08.998400Z,35.65,-117.49,9,1.3
2019-07-05T10:56:58.790400Z,35.75,-117.49,7,1.84
2019-07-05T11:02:29.497600Z,35.55,-117.61,9,1.84
2019-07-05T11:04:56.753600Z,35.75,-117.51,5,1.83
2019-07-05T11:14:17.366800Z,35.73,-117.51,9,1.93
2019-07-05T11:25:08.325200Z,35.63,-117.59,9,2.73
2019-07-05T11:35:09.481200Z,35.77,-117.55,5,1.39
2019-07-05T11:35:53.873200Z,35.41,-117.31,3,3.83
2019-07-05T11:37:51.245600Z,35.77,-117.53,9,1.83
2019-07-05T11:47:50.799200Z,35.73,-117.53,9,1.61
2019-07-05T11:51:50.500800Z,35.59,-117.57,9,3.09
2019-07-05T12:07:06.045200Z,35.63,-117.55,9,2.07
2019-07-05T12:07:56.106000Z,35.73,-117.53,9,2.01
2019-07-05T12:12:16.573400Z,35.63,-117.49,9,2.2
2019-07-05T12:13:52.684400Z,35.69,-117.45,7,1.7
2019-07-05T12:17:28.591200Z,35.55,-117.57,9,2.12
2019-07-05T12:26:45.330800Z,35.75,-117.53,7,1.77
2019-07-05T12:27:13.888000Z,35.73,-117.51,9,2.2
2019-07-05T12:34:25.910800Z,35.73,-117.49,9,2.04
2019-07-05T12:36:18.799200Z,35.75,-117.53,7,1.43
2019-07-05T12:46:42.101200Z,35.75,-117.55,9,1.9
2019-07-05T12:58:41.337200Z,35.75,-117.55,9,1.42
2019-07-05T12:59:57.869200Z,35.73,-117.49,9,1.8
2019-07-05T13:04:26.372000Z,35.77,-117.57,9,1.99
2019-07-05T13:05:46.045600Z,35.55,-117.61,9,1.23
2019-07-05T13:10:12.718800Z,35.75,-117.55,9,1.65
2019-07-05T13:18:20.044600Z,35.73,-117.49,9,1.9
2019-07-05T13:30:00.510000Z,35.75,-117.51,5,1.79
2019-07-05T13:53:02.678800Z,35.69,-117.41,9,1.39
2019-07-05T14:01:47.283600Z,35.77,-117.61,9,2.67
2019-07-05T14:05:29.016200Z,35.59,-117.55,9,2.14
2019-07-05T14:06:06.471200Z,35.73,-117.53,9,1.48
2019-07-05T14:34:04.712400Z,35.63,-117.49,9,1.6
2019-07-05T14:36:24.972400Z,35.77,-117.53,3,1.99
2019-07-05T14:52:34.810000Z,35.65,-117.55,9,1.6
2019-07-05T14:53:32.158000Z,35.61,-117.57,9,2.17
2019-07-05T14:57:03.170400Z,35.73,-117.53,9,1.42
2019-07-05T15:02:06.951600Z,35.73,-117.55,9,2.24
2019-07-05T15:08:37.956400Z,35.77,-117.55,9,1.39
2019-07-05T15:11:09.650400Z,35.65,-117.55,9,2.05
2019-07-05T15:12:17.504800Z,35.73,-117.51,9,2.85
2019-07-05T15:16:16.374400Z,35.67,-117.47,9,2.17
2019-07-05T15:20:56.094000Z,35.63,-117.53,9,1.34
2019-07-05T15:39:38.176400Z,35.57,-117.59,9,2.37
2019-07-05T15:48:37.591200Z,35.55,-117.57,9,1.61
2019-07-05T16:16:14.409200Z,35.57,-117.63,9,2.0
2019-07-05T16:20:25.954000Z,35.59,-117.53,9,1.79
2019-07-05T16:24:10.786000Z,35.63,-117.49,9,1.67
2019-07-05T16:40:52.686400Z,35.67,-117.45,9,0.96
2019-07-05T16:41:13.004400Z,35.65,-117.55,9,1.67
2019-07-05T17:04:53.540800Z,35.73,-117.55,9,2.05
2019-07-05T17:06:12.308000Z,35.63,-117.51,9,1.37
2019-07-05T17:15:06.554200Z,35.75,-117.53,9,1.48
2019-07-05T17:17:38.820000Z,35.65,-117.53,9,2.15
2019-07-05T17:29:07.839600Z,35.55,-117.57,5,1.07
2019-07-05T17:29:50.850800Z,35.59,-117.57,9,1.18
2019-07-05T17:35:35.015200Z,35.79,-117.59,9,1.61
2019-07-05T17:59:55.984800Z,35.79,-117.59,9,3.59
2019-07-05T18:08:30.988800Z,35.67,-117.49,7,1.51
2019-07-05T18:36:11.772400Z,35.59,-117.57,9,1.66
2019-07-05T19:08:13.494800Z,35.71,-117.47,9,1.45
2019-07-05T19:17:58.979600Z,35.57,-117.57,9,1.93
2019-07-05T19:22:21.606000Z,35.65,-117.51,9,1.17
2019-07-05T19:27:31.810800Z,35.55,-117.59,9,1.42
2019-07-05T19:30:12.062000Z,35.73,-117.51,9,1.62
2019-07-05T19:38:45.993200Z,35.65,-117.49,9,1.97
2019-07-05T19:48:00.852800Z,35.73,-117.49,9,1.52
2019-07-05T19:51:48.658000Z,35.75,-117.53,7,1.58
2019-07-05T19:59:02.966400Z,35.67,-117.43,9,1.39
2019-07-05T20:06:00.958000Z,35.69,-117.41,9,1.71
2019-07-05T20:07:30.285200Z,35.67,-117.41,9,1.53
2019-07-05T20:09:07.014000Z,35.55,-117.61,9,2.23
2019-07-05T20:15:06.501400Z,35.63,-117.57,9,1.66
2019-07-05T20:25:50.035600Z,35.55,-117.57,9,1.19
2019-07-05T20:37:19.281600Z,35.71,-117.49,9,1.52
2019-07-05T20:44:39.706400Z,35.67,-117.49,9,1.8
2019-07-05T20:59:32.724800Z,35.65,-117.51,9,1.71
2019-07-05T21:10:52.250000Z,35.67,-117.49,9,2.03
2019-07-05T21:26:36.148400Z,35.75,-117.53,9,1.33
2019-07-05T21:34:47.385600Z,35.75,-117.63,9,1.8
2019-07-05T22:58:25.290000Z,35.61,-117.55,7,1.42
2019-07-05T23:23:34.872000Z,35.65,-117.47,9,1.72
2019-07-05T23:29:34.032200Z,35.63,-117.51,9,1.83
2019-07-05T23:51:41.326000Z,35.65,-117.55,3,1.46
2019-07-05T00:20:26.261200Z,35.69,-117.47,9,1.92
2019-07-05T00:21:38.401800Z,35.67,-117.47,9,1.77
2019-07-05T00:35:23.251600Z,35.75,-117.51,9,1.82
2019-07-05T00:42:42.893600Z,35.69,-117.47,9,2.02
2019-07-05T00:49:40.491600Z,35.69,-117.43,9,2.29
2019-07-05T00:59:08.879200Z,35.69,-117.49,5,2.1
2019-07-05T01:16:40.590800Z,35.67,-117.43,9,1.69
2019-07-05T01:39:25.350200Z,35.73,-117.53,9,1.82
2019-07-05T01:42:04.159200Z,35.75,-117.47,9,1.24
2019-07-05T01:42:57.067200Z,35.57,-117.57,7,1.83
2019-07-05T01:45:53.753800Z,35.57,-117.59,9,2.91
2019-07-05T01:47:02.455200Z,35.69,-117.43,9,2.52
2019-07-05T01:50:46.708200Z,35.57,-117.59,9,2.07
2019-07-05T01:54:40.249200Z,35.71,-117.53,3,1.61
2019-07-05T02:30:50.252400Z,35.63,-117.49,9,1.74
2019-07-05T02:37:02.590400Z,35.73,-117.49,3,1.45
2019-07-05T02:41:47.844000Z,35.69,-117.43,9,1.67
2019-07-05T02:45:09.406400Z,35.79,-117.55,7,2.01
2019-07-05T02:47:27.257800Z,35.67,-117.49,9,2.72
2019-07-05T02:49:41.048000Z,35.73,-117.53,9,1.7
2019-07-05T02:54:30.620200Z,35.59,-117.57,9,1.62
2019-07-05T03:15:18.403600Z,35.61,-117.53,9,3.08
2019-07-05T03:27:29.098000Z,35.67,-117.43,7,1.39
2019-07-05T03:46:54.154400Z,35.65,-117.51,9,3.28
2019-07-05T03:50:00.292200Z,35.73,-117.49,9,1.4
2019-07-05T03:53:33.697200Z,35.59,-117.57,9,0.97
2019-07-05T03:55:17.874000Z,35.69,-117.47,9,1.74
2019-07-05T03:57:11.428000Z,35.69,-117.43,9,1.94
2019-07-05T04:02:16.189200Z,35.73,-117.39,9,2.05
2019-07-05T04:10:14.006800Z,35.75,-117.47,7,1.55
2019-07-05T04:35:02.588800Z,35.69,-117.47,9,1.55
2019-07-05T04:44:58.244000Z,35.67,-117.45,9,1.0
2019-07-05T04:45:31.980800Z,35.73,-117.51,9,1.63
2019-07-05T04:46:18.212400Z,35.57,-117.59,9,1.51
2019-07-05T04:50:04.513600Z,35.71,-117.43,9,1.42
2019-07-05T05:12:56.408800Z,35.57,-117.59,9,1.9
2019-07-05T05:33:47.811600Z,35.63,-117.47,9,2.11
2019-07-05T05:38:29.341600Z,35.73,-117.51,9,1.62
2019-07-05T06:04:46.390800Z,35.67,-117.45,9,1.74
2019-07-05T06:21:19.366800Z,35.71,-117.55,9,1.72
2019-07-05T06:30:18.996800Z,35.67,-117.39,3,1.76
2019-07-05T06:38:02.585200Z,35.67,-117.47,9,1.45
2019-07-05T06:39:10.454400Z,35.59,-117.57,9,1.52
2019-07-05T06:52:50.140400Z,35.71,-117.47,9,1.56
2019-07-05T06:55:09.294800Z,35.71,-117.45,9,1.35
2019-07-05T07:04:44.684400Z,35.69,-117.43,9,1.33
2019-07-05T07:07:00.926400Z,35.67,-117.47,9,1.27
2019-07-05T07:35:05.505000Z,35.71,-117.43,9,1.83
2019-07-05T07:35:41.624400Z,35.69,-117.49,9,1.94
2019-07-05T07:44:02.704000Z,35.75,-117.49,3,1.26
2019-07-05T07:47:08.248000Z,35.67,-117.45,9,1.26
2019-07-05T07:59:26.378000Z,35.61,-117.59,9,2.11
2019-07-05T08:02:11.394400Z,35.55,-117.65,9,2.28
2019-07-05T08:02:56.792800Z,35.71,-117.49,9,2.1
2019-07-05T08:04:54.200400Z,35.69,-117.45,7,1.83
2019-07-05T08:11:08.548800Z,35.75,-117.51,5,1.87
2019-07-05T08:16:55.920000Z,35.61,-117.45,9,1.26
2019-07-05T08:31:21.977200Z,35.71,-117.51,9,1.91
2019-07-05T08:43:07.666400Z,35.59,-117.57,9,2.15
2019-07-05T09:04:58.232400Z,35.73,-117.53,9,1.54
2019-07-05T09:14:26.149200Z,35.55,-117.57,9,1.65
2019-07-05T09:22:57.583200Z,35.55,-117.59,9,1.76
2019-07-05T09:56:33.368000Z,35.69,-117.43,9,1.36
2019-07-05T10:00:27.414000Z,35.71,-117.41,9,1.32
2019-07-05T10:05:00.297000Z,35.59,-117.55,9,1.66
2019-07-05T10:05:42.100000Z,35.63,-117.57,9,1.82
2019-07-05T10:43:20.200800Z,35.61,-117.51,9,1.52
2019-07-05T10:44:10.696400Z,35.67,-117.43,9,1.11
2019-07-05T10:44:31.734600Z,35.61,-117.57,9,1.92
2019-07-05T10:50:59.234000Z,35.63,-117.49,9,1.76
2019-07-05T11:06:01.070400Z,35.63,-117.53,7,1.31
2019-07-05T11:20:55.281200Z,35.73,-117.55,9,2.2
2019-07-05T11:26:53.507200Z,35.75,-117.53,7,2.1
2019-07-05T11:28:28.949200Z,35.75,-117.51,3,1.49
2019-07-05T11:39:26.085600Z,35.75,-117.53,5,1.5
2019-07-05T11:49:04.105200Z,35.73,-117.51,9,2.09
2019-07-05T11:52:33.653200Z,35.73,-117.49,9,1.93
2019-07-05T12:09:18.570400Z,35.75,-117.55,9,1.38
2019-07-05T12:11:12.793600Z,35.71,-117.45,9,1.98
2019-07-05T12:12:46.169600Z,35.77,-117.51,5,1.51
2019-07-05T12:18:50.524400Z,35.73,-117.49,9,1.21
2019-07-05T12:21:47.059200Z,35.51,-117.43,9,1.89
2019-07-05T12:32:10.195600Z,35.73,-117.49,9,1.58
2019-07-05T12:33:03.394600Z,35.73,-117.53,9,1.85
2019-07-05T12:35:24.493600Z,35.67,-117.45,9,1.54
2019-07-05T12:43:44.861600Z,35.69,-117.47,3,2.89
2019-07-05T12:54:33.673600Z,35.73,-117.55,9,1.35
2019-07-05T13:06:06.402000Z,35.63,-117.49,9,1.65
2019-07-05T13:09:23.251200Z,35.73,-117.55,9,2.39
2019-07-05T13:11:09.444800Z,35.53,-117.61,9,1.48
2019-07-05T13:11:33.442400Z,35.65,-117.49,9,1.18
2019-07-05T13:26:04.264000Z,35.71,-117.47,9,1.64
2019-07-05T13:35:39.357200Z,35.77,-117.53,9,1.0
2019-07-05T13:40:18.414000Z,35.77,-117.51,5,1.55
2019-07-05T13:42:23.824000Z,35.71,-117.51,9,1.53
2019-07-05T13:42:44.640000Z,35.63,-117.47,9,1.55
2019-07-05T14:09:33.398800Z,35.73,-117.49,9,1.84
2019-07-05T14:12:39.378600Z,35.63,-117.53,9,2.08
2019-07-05T14:28:18.524400Z,35.63,-117.51,9,1.38
2019-07-05T14:47:21.666400Z,35.71,-117.55,9,1.28
2019-07-05T14:55:47.742000Z,35.71,-117.43,9,1.77
2019-07-05T14:57:20.256000Z,35.69,-117.47,9,1.46
2019-07-05T15:09:03.033600Z,35.65,-117.49,9,1.6
2019-07-05T15:18:08.625600Z,35.75,-117.53,9,1.42
2019-07-05T15:35:31.450400Z,35.73,-117.53,9,1.57
2019-07-05T15:38:36.608800Z,35.63,-117.51,9,2.25
2019-07-05T15:42:39.448800Z,35.55,-117.57,7,1.26
2019-07-05T15:47:32.551400Z,35.57,-117.57,9,1.86
2019-07-05T15:51:42.967600Z,35.61,-117.57,9,1.42
2019-07-05T15:53:22.841600Z,35.71,-117.45,7,1.56
2019-07-05T15:56:46.562000Z,35.67,-117.43,9,1.5
2019-07-05T16:09:19.780000Z,35.59,-117.57,9,1.77
2019-07-05T16:13:37.822000Z,35.73,-117.51,9,1.46
2019-07-05T16:18:29.006800Z,35.75,-117.55,9,1.65
2019-07-05T16:50:55.248800Z,35.79,-117.55,9,1.98
2019-07-05T16:52:42.982800Z,35.73,-117.49,5,1.13
2019-07-05T16:57:34.579600Z,35.61,-117.55,9,1.59
2019-07-05T17:18:27.613600Z,35.57,-117.59,9,1.96
2019-07-05T17:37:22.650400Z,35.55,-117.57,9,1.38
2019-07-05T17:43:33.891200Z,35.73,-117.49,9,1.88
2019-07-05T18:13:43.528800Z,35.69,-117.45,7,1.53
2019-07-05T18:16:37.812400Z,35.65,-117.49,9,1.64
2019-07-05T18:29:37.664800Z,35.61,-117.55,9,1.37
2019-07-05T18:30:12.044000Z,35.73,-117.55,9,1.47
2019-07-05T18:43:42.172800Z,35.59,-117.59,9,2.06
2019-07-05T18:45:00.395400Z,35.71,-117.51,9,2.67
2019-07-05T18:55:41.953600Z,35.65,-117.49,9,1.7
2019-07-05T20:18:24.890400Z,35.73,-117.49,9,1.17
2019-07-05T20:45:17.456800Z,35.55,-117.55,9,1.46
2019-07-05T20:45:39.229600Z,35.55,-117.57,5,1.44
2019-07-05T20:54:05.079600Z,35.77,-117.51,9,2.04
2019-07-05T21:01:40.225200Z,35.67,-117.49,9,1.6
2019-07-05T21:02:44.586400Z,35.63,-117.53,9,1.23
2019-07-05T21:14:51.742400Z,35.55,-117.53,7,1.51
2019-07-05T21:19:02.255600Z,35.55,-117.57,5,1.72
2019-07-05T21:22:09.963600Z,35.83,-117.61,9,1.07
2019-07-05T21:43:54.576400Z,35.67,-117.45,9,1.76
2019-07-05T22:01:46.798800Z,35.67,-117.51,9,2.2
2019-07-05T22:07:27.980400Z,35.67,-117.47,9,3.08
2019-07-05T22:12:26.712400Z,35.67,-117.45,9,1.56
2019-07-05T22:20:59.163200Z,35.71,-117.45,9,1.61
2019-07-05T22:33:24.736800Z,35.67,-117.45,9,2.49
2019-07-05T22:36:06.506400Z,35.63,-117.47,5,1.51
2019-07-05T22:37:01.289600Z,35.63,-117.53,7,1.49
2019-07-05T22:41:10.201600Z,35.59,-117.55,5,1.74
2019-07-05T22:56:43.365600Z,35.55,-117.53,7,1.01
2019-07-05T23:00:43.136800Z,35.75,-117.57,9,1.94
2019-07-05T23:05:22.133600Z,35.53,-117.55,9,0.93
2019-07-05T23:06:14.482000Z,35.69,-117.43,9,1.36
2019-07-05T23:06:50.721600Z,35.69,-117.47,9,1.61
2019-07-05T23:30:43.304400Z,35.59,-117.53,3,1.37
2019-07-05T23:31:16.146000Z,35.73,-117.49,3,1.33
2019-07-05T23:33:12.614000Z,35.69,-117.45,9,1.02
2019-07-05T23:54:17.116200Z,35.77,-117.53,3,1.17
2019-07-05T00:04:45.344400Z,35.75,-117.51,9,1.86
2019-07-05T00:23:40.661200Z,35.65,-117.37,9,2.64
2019-07-05T00:31:50.576400Z,35.71,-117.43,9,1.46
2019-07-05T00:34:55.523600Z,35.61,-117.55,7,2.27
2019-07-05T00:36:17.740400Z,35.67,-117.49,9,1.35
2019-07-05T00:41:17.523600Z,35.57,-117.59,9,2.44
2019-07-05T00:57:57.143600Z,35.77,-117.57,5,1.23
2019-07-05T01:00:12.223200Z,35.69,-117.45,9,1.56
2019-07-05T01:04:07.239200Z,35.73,-117.49,7,2.18
2019-07-05T01:06:08.149600Z,35.55,-117.59,7,1.94
2019-07-05T01:08:31.844800Z,35.61,-117.57,9,1.53
2019-07-05T01:11:37.000600Z,35.65,-117.47,7,1.56
2019-07-05T01:40:15.176800Z,35.65,-117.47,5,1.62
2019-07-05T01:48:53.776800Z,35.55,-117.59,7,1.05
2019-07-05T01:52:50.930400Z,35.69,-117.43,9,2.13
2019-07-05T01:55:59.456000Z,35.65,-117.39,3,1.71
2019-07-05T02:07:49.461600Z,35.69,-117.43,9,1.79
2019-07-05T02:08:05.192000Z,35.69,-117.45,9,1.87
2019-07-05T02:09:05.517800Z,35.71,-117.51,7,1.88
2019-07-05T02:09:58.748400Z,35.69,-117.43,9,2.12
2019-07-05T02:44:33.473200Z,35.75,-117.51,3,1.36
2019-07-05T02:56:28.781200Z,35.77,-117.53,5,1.68
2019-07-05T03:02:24.348400Z,35.71,-117.53,3,1.95
2019-07-05T03:04:22.177200Z,35.65,-117.49,9,1.83
2019-07-05T03:07:43.008400Z,35.65,-117.47,9,1.94
2019-07-05T03:14:51.832800Z,35.69,-117.49,9,1.61
2019-07-05T03:15:06.666800Z,35.91,-117.61,3,1.77
2019-07-05T03:31:21.725400Z,35.77,-117.53,7,1.96
2019-07-05T03:44:48.140000Z,35.67,-117.51,3,1.47
2019-07-05T03:59:10.098000Z,35.77,-117.53,9,2.16
2019-07-05T04:06:36.284200Z,35.59,-117.53,3,1.61
2019-07-05T04:08:02.951600Z,35.59,-117.57,7,1.52
2019-07-05T04:19:25.125400Z,35.71,-117.45,9,1.37
2019-07-05T04:36:41.609600Z,35.63,-117.55,9,1.57
2019-07-05T04:37:45.288800Z,35.67,-117.45,9,2.08
2019-07-05T04:44:02.488400Z,35.57,-117.59,9,1.26
2019-07-05T04:49:26.930800Z,35.61,-117.57,7,1.15
2019-07-05T04:51:48.283200Z,35.71,-117.49,9,1.57
2019-07-05T04:59:45.087600Z,35.67,-117.47,9,1.28
2019-07-05T05:33:10.076800Z,35.67,-117.39,9,1.26
2019-07-05T05:39:04.378000Z,35.69,-117.55,5,1.3
2019-07-05T05:55:23.049800Z,35.73,-117.43,9,1.67
2019-07-05T05:59:10.848000Z,35.41,-117.29,7,3.04
2019-07-05T06:02:53.591400Z,35.77,-117.53,9,1.66
2019-07-05T06:12:07.704800Z,35.59,-117.53,3,1.69
2019-07-05T06:14:21.579200Z,35.71,-117.41,3,0.94
2019-07-05T06:15:18.876400Z,35.69,-117.43,9,1.51
2019-07-05T06:19:24.196800Z,35.61,-117.53,9,2.05
2019-07-05T06:47:47.316400Z,35.61,-117.53,9,1.65
2019-07-05T07:10:47.335600Z,35.67,-117.51,7,1.6
2019-07-05T07:18:24.001200Z,35.65,-117.53,9,1.7
2019-07-05T07:27:36.707600Z,35.73,-117.53,9,4.14
2019-07-05T07:33:28.461800Z,35.73,-117.51,3,1.62
2019-07-05T07:42:55.842000Z,35.63,-117.49,3,1.52
2019-07-05T07:51:07.736800Z,35.55,-117.59,5,1.27
2019-07-05T07:54:54.407000Z,35.55,-117.59,7,1.37
2019-07-05T07:56:13.960400Z,35.69,-117.45,3,1.73
2019-07-05T08:08:26.692000Z,35.65,-117.53,9,1.31
2019-07-05T08:42:50.092400Z,35.73,-117.49,7,1.41
2019-07-05T08:46:21.210000Z,35.57,-117.59,9,1.56
2019-07-05T09:12:10.655600Z,35.61,-117.55,7,1.81
2019-07-05T09:21:52.746400Z,35.69,-117.47,9,1.65
2019-07-05T09:38:46.188000Z,35.75,-117.49,3,1.27
2019-07-05T09:39:24.052800Z,35.63,-117.49,9,2.01
2019-07-05T09:40:15.875600Z,35.59,-117.59,9,1.77
2019-07-05T09:44:30.731600Z,35.67,-117.45,9,0.98
2019-07-05T09:57:46.825200Z,35.67,-117.51,9,1.97
2019-07-05T10:01:42.692000Z,35.57,-117.55,9,1.83
2019-07-05T10:08:14.307200Z,35.71,-117.41,7,0.94
2019-07-05T10:22:48.110000Z,35.67,-117.49,9,1.08
2019-07-05T10:26:55.674400Z,35.69,-117.43,7,1.08
2019-07-05T10:29:40.869200Z,35.55,-117.57,3,1.43
2019-07-05T10:31:11.622000Z,35.53,-117.61,9,1.44
2019-07-05T10:32:45.991600Z,35.63,-117.51,3,1.05
2019-07-05T10:35:24.108600Z,35.69,-117.53,7,1.57
2019-07-05T10:47:27.843400Z,35.59,-117.55,9,1.62
2019-07-05T10:54:15.804400Z,35.67,-117.45,5,1.23
2019-07-05T11:24:45.708600Z,35.75,-117.53,7,1.66
2019-07-05T11:41:16.121600Z,35.59,-117.59,9,2.0
2019-07-05T11:45:31.035600Z,35.75,-117.55,7,1.74
2019-07-05T11:54:06.415200Z,35.67,-117.57,3,1.21
2019-07-05T11:55:36.777600Z,35.75,-117.55,9,1.84
2019-07-05T11:57:19.686400Z,35.73,-117.45,3,1.76
2019-07-05T11:59:41.808400Z,35.77,-117.53,9,2.07
2019-07-05T12:16:51.026400Z,35.81,-117.61,9,1.58
2019-07-05T12:41:22.168200Z,35.77,-117.55,9,1.61
2019-07-05T12:47:29.710800Z,35.59,-117.59,9,1.89
2019-07-05T12:51:31.151600Z,35.75,-117.51,3,1.87
2019-07-05T12:53:07.080400Z,35.75,-117.53,7,1.1
2019-07-05T13:13:38.767200Z,35.67,-117.43,9,1.47
2019-07-05T13:21:21.267600Z,35.77,-117.53,9,1.48
2019-07-05T13:25:10.558800Z,35.73,-117.55,9,1.62
2019-07-05T13:27:04.409600Z,35.77,-117.57,5,1.17
2019-07-05T13:36:41.450400Z,35.59,-117.57,9,1.55
2019-07-05T13:45:04.770000Z,35.69,-117.43,9,1.37
2019-07-05T13:58:58.327200Z,35.77,-117.51,7,1.13
2019-07-05T14:06:24.456800Z,35.67,-117.51,9,1.31
2019-07-05T14:06:41.670400Z,35.67,-117.49,3,1.64
2019-07-05T14:10:54.367800Z,35.77,-117.51,3,1.51
2019-07-05T14:18:44.034800Z,35.73,-117.55,9,1.4
2019-07-05T14:23:25.446000Z,35.55,-117.61,9,1.95
2019-07-05T14:35:39.399200Z,35.55,-117.57,5,1.28
2019-07-05T15:11:41.195600Z,35.67,-117.47,9,1.66
2019-07-05T15:17:24.971200Z,35.67,-117.47,9,1.6
2019-07-05T15:33:31.801600Z,35.65,-117.51,9,1.31
2019-07-05T15:54:54.688800Z,35.71,-117.43,9,1.39
2019-07-05T16:08:35.244800Z,35.77,-117.51,5,1.44
2019-07-05T16:34:32.318000Z,35.73,-117.51,3,1.15
2019-07-05T16:38:53.035600Z,35.73,-117.55,9,1.49
2019-07-05T16:44:20.663200Z,35.73,-117.51,9,1.22
2019-07-05T16:52:22.373600Z,35.71,-117.51,7,0.92
2019-07-05T16:59:59.638400Z,35.73,-117.51,9,1.3
2019-07-05T17:09:35.694400Z,35.75,-117.53,5,1.24
2019-07-05T17:26:39.729600Z,35.77,-117.55,5,1.0
2019-07-05T17:40:05.008800Z,35.73,-117.51,9,2.35
2019-07-05T17:54:42.326800Z,35.57,-117.57,9,1.93
2019-07-05T18:06:44.949600Z,35.57,-117.55,3,1.42
2019-07-05T18:21:15.067800Z,35.57,-117.59,9,1.46
2019-07-05T18:22:46.219200Z,35.63,-117.53,9,1.52
2019-07-05T18:26:06.419400Z,35.73,-117.51,7,1.19
2019-07-05T18:48:13.408000Z,35.73,-117.51,9,1.26
2019-07-05T18:51:13.815600Z,35.71,-117.49,3,0.93
2019-07-05T18:57:40.915200Z,35.71,-117.45,9,1.16
2019-07-05T19:02:17.902400Z,35.75,-117.49,9,1.39
2019-07-05T19:02:52.594400Z,35.75,-117.51,3,1.33
2019-07-05T19:11:51.444000Z,35.67,-117.47,9,1.32
2019-07-05T19:22:41.223600Z,35.61,-117.57,3,1.64
2019-07-05T19:29:46.575600Z,35.63,-117.49,9,1.74
2019-07-05T19:35:59.112400Z,35.67,-117.47,9,1.64
2019-07-05T20:19:49.356200Z,35.75,-117.51,7,1.23
2019-07-05T20:29:07.698400Z,35.75,-117.43,9,1.17
2019-07-05T20:32:37.019400Z,35.65,-117.49,9,1.81
2019-07-05T20:48:46.345200Z,35.57,-117.55,3,1.45
2019-07-05T21:12:42.158400Z,35.57,-117.63,9,2.24
2019-07-05T21:35:50.781200Z,35.59,-117.55,9,1.85
2019-07-05T21:41:51.274800Z,35.75,-117.47,7,1.48
2019-07-05T21:47:46.114800Z,35.57,-117.53,9,1.43
2019-07-05T21:59:28.366000Z,35.73,-117.47,9,1.83
2019-07-05T22:00:51.136400Z,35.65,-117.45,9,1.38
2019-07-05T22:14:27.366000Z,35.59,-117.59,9,1.76
2019-07-05T22:19:13.670400Z,35.65,-117.47,7,1.41
2019-07-05T22:29:03.262400Z,35.61,-117.53,7,2.22
2019-07-05T22:39:18.935400Z,35.63,-117.53,9,2.39
2019-07-05T22:44:55.201600Z,35.73,-117.57,9,1.47
2019-07-05T22:54:25.199200Z,35.75,-117.55,7,1.43
2019-07-05T22:54:37.278400Z,35.77,-117.53,9,2.08
2019-07-05T23:21:51.404000Z,35.77,-117.51,5,1.36
2019-07-05T23:37:24.223200Z,35.67,-117.47,9,1.74
2019-07-05T23:42:34.537200Z,35.73,-117.51,9,1.39
2019-07-05T23:45:54.617200Z,35.73,-117.55,9,0.95
2019-07-05T00:01:01.660000Z,35.67,-117.49,9,1.92
2019-07-05T00:02:21.380800Z,35.71,-117.47,9,1.75
2019-07-05T00:15:03.422400Z,35.75,-117.51,5,1.8
2019-07-05T00:17:48.237600Z,35.61,-117.55,9,1.9
2019-07-05T00:27:50.451200Z,35.33,-117.27,7,2.86
2019-07-05T00:39:52.834400Z,35.73,-117.51,9,1.48
2019-07-05T00:44:08.280400Z,35.67,-117.43,9,2.2
2019-07-05T00:52:15.518000Z,35.73,-117.47,7,1.37
2019-07-05T00:55:05.300800Z,35.61,-117.53,9,1.24
2019-07-05T01:00:29.741600Z,35.61,-117.55,9,1.68
2019-07-05T01:00:49.995600Z,35.75,-117.45,9,1.53
2019-07-05T01:01:38.498000Z,35.73,-117.47,9,1.7
2019-07-05T01:06:50.266000Z,35.65,-117.51,3,2.68
2019-07-05T01:27:45.098000Z,35.69,-117.41,7,1.73
2019-07-05T01:44:38.747200Z,35.69,-117.49,3,1.42
2019-07-05T01:50:15.360800Z,35.67,-117.43,3,1.38
2019-07-05T01:55:24.024800Z,35.71,-117.49,7,1.17
2019-07-05T01:57:48.823600Z,35.69,-117.43,9,1.68
2019-07-05T02:06:14.313600Z,35.73,-117.51,7,2.25
2019-07-05T02:11:03.836800Z,35.53,-117.55,5,1.83
2019-07-05T02:13:02.705600Z,35.71,-117.49,3,1.52
2019-07-05T02:16:46.662800Z,35.67,-117.59,9,1.38
2019-07-05T02:22:59.162000Z,35.77,-117.53,5,1.51
2019-07-05T02:30:10.600800Z,35.67,-117.53,9,2.49
2019-07-05T02:34:41.594800Z,35.67,-117.47,7,1.87
2019-07-05T02:55:40.728400Z,35.67,-117.45,5,1.45
2019-07-05T03:05:02.435200Z,35.67,-117.47,9,1.44
2019-07-05T03:09:46.295200Z,35.65,-117.47,5,1.38
2019-07-05T03:20:49.287200Z,35.69,-117.49,3,2.09
2019-07-05T03:22:09.529200Z,35.57,-117.57,9,1.84
2019-07-05T03:24:46.401600Z,35.75,-117.51,9,1.84
2019-07-05T03:40:03.119600Z,35.55,-117.53,9,1.29
2019-07-05T03:40:12.712800Z,35.71,-117.47,9,1.79
2019-07-05T03:48:38.487200Z,35.55,-117.53,7,1.4
2019-07-05T03:49:38.098800Z,35.73,-117.53,9,0.96
2019-07-05T04:14:44.993600Z,35.73,-117.45,9,3.58
2019-07-05T04:15:29.754400Z,35.63,-117.53,9,2.52
2019-07-05T04:19:50.834800Z,35.73,-117.51,9,1.81
2019-07-05T04:26:33.459600Z,35.71,-117.47,9,2.19
2019-07-05T04:27:04.710800Z,35.57,-117.53,7,1.59
2019-07-05T04:28:36.948200Z,35.57,-117.55,3,1.46
2019-07-05T04:29:54.953200Z,35.65,-117.47,9,1.54
2019-07-05T04:35:59.484800Z,35.53,-117.55,9,0.96
2019-07-05T04:41:34.949600Z,35.67,-117.61,3,1.28
2019-07-05T04:46:54.756800Z,35.67,-117.49,9,1.23
2019-07-05T04:51:08.056800Z,35.73,-117.49,5,1.61
2019-07-05T04:52:04.943200Z,35.71,-117.47,5,1.56
2019-07-05T05:04:47.496800Z,35.57,-117.59,9,1.56
2019-07-05T05:08:16.316800Z,35.73,-117.47,3,2.17
2019-07-05T05:24:32.035800Z,35.71,-117.51,3,1.54
2019-07-05T05:31:38.229800Z,35.59,-117.63,9,2.19
2019-07-05T05:38:01.704000Z,35.67,-117.49,9,1.5
2019-07-05T05:41:45.553200Z,35.65,-117.47,9,1.53
2019-07-05T05:45:01.415200Z,35.67,-117.45,3,1.22
2019-07-05T05:49:59.836400Z,35.69,-117.51,3,1.12
2019-07-05T05:56:05.479400Z,35.71,-117.47,3,1.12
2019-07-05T05:56:46.403200Z,35.67,-117.43,9,1.46
2019-07-05T05:58:00.906000Z,35.71,-117.49,7,1.28
2019-07-05T06:06:36.088000Z,35.73,-117.53,9,1.67
2019-07-05T06:23:38.538800Z,35.71,-117.47,3,1.06
2019-07-05T06:26:34.013000Z,35.61,-117.53,9,1.52
2019-07-05T06:30:42.642200Z,35.55,-117.59,5,1.91
2019-07-05T06:31:30.992000Z,35.63,-117.49,3,1.49
2019-07-05T06:35:28.592400Z,35.73,-117.45,3,1.49
2019-07-05T06:40:02.655200Z,35.65,-117.55,9,2.63
2019-07-05T06:40:19.812800Z,35.69,-117.45,5,2.13
2019-07-05T06:45:43.530400Z,35.71,-117.51,9,1.88
2019-07-05T07:05:33.103600Z,35.65,-117.47,5,1.0
2019-07-05T07:34:34.326400Z,35.71,-117.53,9,1.27
2019-07-05T07:36:25.907200Z,35.63,-117.55,9,1.29
2019-07-05T07:44:26.984400Z,35.65,-117.49,9,2.38
2019-07-05T07:45:13.511800Z,35.75,-117.55,7,1.58
2019-07-05T07:51:33.573600Z,35.63,-117.53,9,1.72
2019-07-05T07:54:17.348200Z,35.81,-117.57,7,1.16
2019-07-05T07:55:22.594000Z,35.55,-117.59,7,1.82
2019-07-05T08:03:42.954800Z,35.63,-117.51,7,1.22
2019-07-05T08:10:49.702400Z,35.73,-117.47,3,1.71
2019-07-05T08:15:32.969600Z,35.67,-117.43,7,1.26
2019-07-05T08:20:27.436800Z,35.63,-117.55,9,1.51
2019-07-05T08:27:31.316400Z,35.65,-117.47,9,0.88
2019-07-05T08:36:53.795200Z,35.65,-117.49,9,1.51
2019-07-05T08:52:44.244400Z,35.67,-117.45,9,1.26
2019-07-05T09:25:46.973200Z,35.67,-117.43,7,1.41
2019-07-05T09:27:06.733200Z,35.69,-117.41,3,1.14
2019-07-05T09:27:57.474400Z,35.71,-117.47,5,1.01
2019-07-05T09:29:49.752400Z,35.61,-117.55,5,1.35
2019-07-05T09:36:36.641200Z,35.59,-117.49,9,1.82
2019-07-05T10:11:32.699600Z,35.59,-117.61,3,1.2
2019-07-05T10:15:54.288000Z,35.55,-117.59,9,2.1
2019-07-05T10:18:32.629400Z,35.57,-117.59,3,1.2
2019-07-05T10:26:23.054800Z,35.69,-117.45,9,1.09
2019-07-05T10:30:12.875200Z,35.73,-117.49,5,1.14
2019-07-05T10:33:58.242200Z,35.71,-117.51,9,1.87
2019-07-05T10:40:41.500000Z,35.81,-117.39,9,1.26
2019-07-05T10:46:21.377200Z,35.59,-117.59,9,2.0
2019-07-05T11:10:08.426800Z,35.75,-117.49,7,3.03
2019-07-05T11:15:34.873200Z,35.75,-117.53,7,2.19
2019-07-05T11:16:10.999600Z,35.63,-117.59,3,1.82
2019-07-05T11:18:07.040400Z,35.77,-117.51,9,2.29
2019-07-05T11:38:42.687600Z,35.69,-117.49,9,1.59
2019-07-05T11:46:18.340400Z,35.65,-117.47,7,1.32
2019-07-05T11:55:14.535200Z,35.79,-117.55,9,1.22
2019-07-05T11:56:29.731200Z,35.67,-117.43,9,1.46
2019-07-05T12:00:43.780800Z,35.73,-117.53,3,1.21
2019-07-05T12:03:20.671600Z,35.73,-117.47,7,1.85
2019-07-05T12:06:32.390000Z,35.71,-117.53,3,1.64
2019-07-05T12:11:02.094000Z,35.71,-117.47,7,0.8
2019-07-05T12:23:57.581600Z,35.71,-117.47,7,3.45
2019-07-05T12:29:05.712400Z,35.67,-117.49,9,1.18
2019-07-05T12:37:11.705200Z,35.75,-117.47,7,2.36
2019-07-05T12:51:15.549600Z,35.71,-117.51,9,1.44
2019-07-05T12:53:40.195200Z,35.77,-117.51,9,1.36
2019-07-05T13:01:56.448600Z,35.55,-117.37,9,2.94
2019-07-05T13:03:35.857200Z,35.75,-117.47,9,1.25
2019-07-05T13:19:24.528000Z,35.69,-117.47,9,1.79
2019-07-05T13:24:23.120400Z,35.73,-117.47,9,1.64
2019-07-05T13:26:29.809600Z,35.67,-117.47,9,1.68
2019-07-05T13:34:43.080800Z,35.63,-117.53,9,1.71
2019-07-05T13:37:51.728000Z,35.69,-117.45,9,1.31
2019-07-05T13:49:05.130400Z,35.75,-117.49,3,2.08
2019-07-05T13:49:41.357600Z,35.77,-117.59,5,1.22
2019-07-05T13:55:35.860400Z,35.61,-117.53,9,2.81
2019-07-05T14:07:43.125600Z,35.55,-117.57,9,2.52
2019-07-05T14:11:05.010800Z,35.51,-117.57,5,1.68
2019-07-05T14:15:05.565600Z,35.67,-117.47,7,0.84
2019-07-05T14:37:23.953200Z,35.77,-117.51,9,2.41
2019-07-05T14:50:07.041600Z,35.57,-117.53,9,1.14
2019-07-05T14:50:43.240800Z,35.61,-117.57,9,1.18
2019-07-05T14:54:35.380600Z,35.55,-117.59,5,1.46
2019-07-05T14:58:04.126600Z,35.61,-117.55,7,1.3
2019-07-05T14:58:20.328000Z,35.75,-117.53,3,1.65
2019-07-05T15:04:31.717200Z,35.71,-117.43,9,1.91
2019-07-05T15:04:48.327000Z,35.71,-117.45,3,1.49
2019-07-05T15:07:35.797200Z,35.75,-117.53,7,0.89
2019-07-05T15:09:25.730000Z,35.73,-117.51,3,1.42
2019-07-05T15:21:21.564000Z,35.77,-117.55,9,1.2
2019-07-05T15:24:57.827200Z,35.71,-117.53,3,1.07
2019-07-05T15:31:29.623600Z,35.75,-117.51,9,1.14
2019-07-05T15:44:13.832800Z,35.69,-117.51,3,1.52
2019-07-05T16:00:51.058000Z,35.71,-117.51,5,1.22
2019-07-05T16:05:26.333200Z,35.71,-117.49,9,1.55
2019-07-05T16:06:35.553400Z,35.59,-117.57,3,1.72
2019-07-05T16:07:00.713200Z,35.67,-117.45,3,1.68
2019-07-05T16:07:58.356400Z,35.55,-117.59,5,1.69
2019-07-05T16:12:51.353600Z,35.67,-117.49,7,1.3
2019-07-05T16:16:49.202000Z,35.75,-117.49,9,1.56
2019-07-05T16:21:22.113200Z,35.57,-117.27,9,2.55
2019-07-05T16:21:26.447200Z,35.79,-117.53,9,2.62
2019-07-05T16:28:59.284200Z,35.71,-117.45,9,1.66
2019-07-05T16:29:35.162800Z,35.73,-117.53,5,1.54
2019-07-05T16:33:01.445600Z,35.67,-117.47,5,1.08
2019-07-05T16:34:44.690000Z,35.61,-117.55,9,1.71
2019-07-05T16:46:50.346800Z,35.57,-117.59,9,1.0
2019-07-05T16:47:33.240800Z,35.71,-117.55,9,1.63
2019-07-05T16:50:08.683600Z,35.75,-117.49,3,1.45
2019-07-05T16:51:22.462800Z,35.67,-117.49,9,1.44
2019-07-05T16:54:52.871600Z,35.71,-117.53,3,1.25
2019-07-05T16:56:47.948400Z,35.61,-117.31,9,2.17
2019-07-05T17:02:20.558800Z,35.75,-117.57,7,1.14
2019-07-05T17:08:59.419600Z,35.69,-117.57,9,1.17
2019-07-05T17:17:16.059200Z,35.69,-117.47,9,1.39
2019-07-05T17:33:28.241600Z,35.75,-117.51,9,1.46
2019-07-05T17:38:26.641200Z,35.69,-117.53,7,0.74
2019-07-05T17:54:04.259200Z,35.57,-117.49,3,1.83
2019-07-05T17:54:54.233200Z,35.69,-117.47,9,2.2
2019-07-05T18:07:22.593200Z,35.73,-117.49,9,1.13
2019-07-05T18:09:17.550000Z,35.53,-117.29,9,2.51
2019-07-05T18:18:44.448000Z,35.67,-117.45,3,1.21
2019-07-05T18:24:32.476200Z,35.71,-117.47,9,1.57
2019-07-05T18:28:48.224400Z,35.63,-117.55,9,1.27
2019-07-05T18:31:08.829600Z,35.75,-117.43,9,1.13
2019-07-05T18:35:09.510400Z,35.67,-117.49,9,1.54
2019-07-05T18:47:33.012000Z,35.53,-117.57,7,1.2
2019-07-05T18:48:47.423600Z,35.75,-117.53,7,1.27
2019-07-05T18:52:31.223600Z,35.65,-117.47,3,1.45
2019-07-05T18:53:53.947200Z,35.63,-117.47,5,1.11
2019-07-05T19:07:27.153200Z,35.67,-117.43,7,1.21
2019-07-05T19:13:28.218400Z,35.61,-117.49,9,0.83
2019-07-05T19:15:47.934000Z,35.75,-117.51,3,1.48
2019-07-05T19:16:21.572000Z,35.73,-117.53,5,1.33
2019-07-05T19:29:29.690800Z,35.55,-117.55,5,1.17
2019-07-05T19:43:16.696400Z,35.73,-117.49,7,1.23
2019-07-05T19:47:34.114800Z,35.71,-117.51,5,1.12
2019-07-05T19:49:58.911600Z,35.71,-117.51,5,1.12
2019-07-05T19:58:20.638400Z,35.61,-117.55,9,1.75
2019-07-05T20:14:21.676400Z,35.75,-117.41,9,1.61
2019-07-05T20:26:59.179200Z,35.73,-117.45,3,1.19
2019-07-05T20:38:04.580800Z,35.65,-117.51,9,1.57
2019-07-05T20:43:46.589800Z,35.63,-117.57,9,1.31
2019-07-05T20:50:30.043200Z,35.73,-117.49,9,1.39
2019-07-05T20:51:38.127200Z,35.65,-117.47,5,2.48
2019-07-05T21:10:21.790400Z,35.73,-117.39,9,1.62
2019-07-05T21:16:59.438400Z,35.61,-117.55,9,1.86
2019-07-05T21:20:09.599600Z,35.67,-117.45,5,1.42
2019-07-05T21:36:11.308000Z,35.81,-117.65,9,2.29
2019-07-05T21:37:41.949600Z,35.55,-117.57,5,1.82
2019-07-05T21:39:31.647200Z,35.55,-117.57,3,1.44
2019-07-05T21:41:26.858000Z,35.55,-117.57,7,1.6
2019-07-05T21:48:23.077200Z,35.73,-117.47,7,1.47
2019-07-05T22:03:10.035600Z,35.75,-117.53,5,1.36
2019-07-05T22:17:22.567800Z,35.65,-117.49,9,1.67
2019-07-05T22:20:45.538800Z,35.85,-117.59,9,1.11
2019-07-05T22:24:55.896400Z,35.71,-117.47,5,1.17
2019-07-05T22:32:38.286000Z,35.59,-117.53,9,1.38
2019-07-05T23:05:50.587200Z,35.61,-117.49,3,1.13
2019-07-05T23:16:51.290400Z,35.59,-117.59,9,1.96
2019-07-05T23:19:07.506400Z,35.75,-117.57,9,1.34
2019-07-05T23:36:01.384200Z,35.71,-117.49,5,1.74
2019-07-05T23:51:03.258000Z,35.61,-117.49,9,1.72
2019-07-05T00:03:43.179600Z,35.67,-117.45,3,1.61
2019-07-05T00:08:23.066800Z,35.81,-117.43,7,1.27
2019-07-05T00:20:46.816000Z,35.71,-117.49,3,1.63
2019-07-05T00:23:04.495200Z,35.71,-117.47,3,1.25
2019-07-05T00:30:41.057600Z,35.65,-117.45,9,2.5
2019-07-05T00:33:19.256000Z,35.75,-117.59,9,2.7
2019-07-05T00:34:33.049400Z,35.71,-117.51,5,1.68
2019-07-05T00:36:51.581800Z,35.61,-117.55,7,1.86
2019-07-05T01:05:02.424000Z,35.73,-117.47,9,0.86
2019-07-05T01:06:22.866200Z,35.73,-117.49,7,2.13
2019-07-05T01:38:44.616200Z,35.73,-117.51,3,1.63
2019-07-05T02:04:59.032000Z,35.63,-117.51,9,1.74
2019-07-05T02:06:41.963400Z,35.65,-117.49,3,2.08
2019-07-05T02:21:37.737800Z,35.59,-117.57,3,2.77
2019-07-05T02:24:54.891600Z,35.99,-117.29,7,2.54
2019-07-05T02:25:03.775200Z,35.73,-117.55,9,1.98
2019-07-05T02:25:18.320800Z,35.57,-117.55,5,2.59
2019-07-05T02:27:05.011400Z,35.75,-117.51,7,1.34
2019-07-05T02:30:03.045600Z,35.53,-117.31,9,2.49
2019-07-05T02:31:52.702400Z,35.69,-117.49,9,1.45
2019-07-05T02:32:35.303600Z,35.67,-117.59,3,1.58
2019-07-05T02:36:40.100000Z,35.65,-117.45,9,1.54
2019-07-05T02:40:36.678800Z,35.57,-117.59,9,1.89
2019-07-05T02:43:57.025800Z,35.73,-117.51,5,1.73
2019-07-05T02:55:17.327600Z,35.89,-117.79,9,1.22
2019-07-05T03:03:16.662800Z,35.65,-117.49,9,2.51
2019-07-05T03:05:21.736800Z,35.77,-117.47,3,1.51
2019-07-05T03:10:40.099200Z,35.77,-117.55,3,2.24
2019-07-05T03:12:23.215000Z,35.73,-117.47,5,1.72
2019-07-05T03:19:53.230800Z,35.65,-117.61,3,3.8
2019-07-05T03:25:51.212800Z,35.69,-117.47,7,1.6
2019-07-05T03:26:53.745800Z,35.95,-117.63,3,1.84
2019-07-05T03:28:13.716600Z,35.69,-117.47,5,1.72
2019-07-05T03:30:01.437400Z,35.67,-117.45,7,1.36
2019-07-05T03:36:13.343600Z,35.59,-117.57,5,1.41
2019-07-05T03:36:42.426000Z,35.61,-117.61,9,2.44
2019-07-05T03:45:59.312400Z,35.49,-117.81,9,1.29
2019-07-05T03:54:13.357800Z,35.55,-117.59,7,1.59
2019-07-05T03:58:01.257400Z,35.59,-117.57,7,1.34
2019-07-05T03:59:55.190600Z,35.73,-117.41,9,1.5
2019-07-05T04:01:02.634800Z,35.69,-117.47,7,1.55
2019-07-05T04:14:30.146800Z,35.89,-117.29,9,2.82
2019-07-05T04:15:57.096000Z,35.71,-117.51,5,2.22
2019-07-05T04:21:06.375200Z,35.59,-117.55,9,1.34
2019-07-05T04:22:10.247600Z,35.69,-117.49,9,1.19
2019-07-05T04:23:49.175200Z,35.75,-117.51,7,1.6
2019-07-05T04:25:37.135600Z,35.63,-117.53,9,1.5
2019-07-05T04:26:29.986800Z,35.63,-117.37,9,2.29
2019-07-05T04:29:23.049200Z,35.75,-117.37,9,0.94
2019-07-05T04:32:51.791600Z,35.77,-117.43,9,1.75
2019-07-05T04:39:48.735600Z,35.71,-117.51,9,1.4
2019-07-05T04:42:00.614800Z,35.71,-117.31,9,2.6
2019-07-05T04:48:51.959600Z,35.73,-117.47,9,1.27
2019-07-05T05:02:50.878000Z,35.65,-117.51,9,1.2
2019-07-05T05:03:37.472200Z,35.55,-117.57,3,2.66
2019-07-05T05:07:58.949200Z,35.71,-117.47,9,2.11
2019-07-05T05:17:19.552400Z,35.71,-117.49,7,1.25
2019-07-05T05:21:02.530000Z,35.73,-117.49,3,0.78
2019-07-05T05:26:45.235600Z,35.63,-117.59,7,1.25
2019-07-05T05:36:54.097200Z,35.75,-117.57,3,1.2
2019-07-05T06:06:22.872800Z,35.69,-117.51,7,1.49
2019-07-05T06:07:33.807200Z,35.67,-117.53,3,1.24
2019-07-05T06:12:43.620000Z,35.63,-117.55,5,1.56
2019-07-05T06:23:52.312800Z,35.57,-117.53,5,1.62
2019-07-05T06:26:16.389200Z,35.75,-117.51,5,1.15
2019-07-05T06:27:29.050800Z,35.69,-117.43,9,2.07
2019-07-05T06:29:31.052800Z,35.65,-117.49,3,1.04
2019-07-05T06:42:18.257600Z,35.75,-117.41,9,1.38
2019-07-05T06:47:11.524800Z,35.73,-117.53,3,1.23
2019-07-05T06:49:43.485600Z,35.71,-117.39,9,1.5
2019-07-05T06:50:47.307600Z,35.63,-117.63,9,0.93
2019-07-05T06:54:26.544800Z,35.69,-117.47,3,1.12
2019-07-05T06:58:09.255000Z,35.73,-117.55,3,1.14
2019-07-05T06:58:24.662800Z,35.69,-117.49,3,1.45
2019-07-05T07:09:25.685600Z,35.73,-117.47,7,1.76
2019-07-05T07:13:49.904000Z,35.73,-117.51,3,2.01
2019-07-05T07:14:18.789600Z,35.71,-117.45,9,1.74
2019-07-05T07:18:50.623200Z,35.59,-117.51,9,1.42
2019-07-05T07:26:25.447200Z,35.63,-117.51,7,1.02
2019-07-05T07:34:44.876400Z,35.71,-117.49,3,1.68
2019-07-05T07:49:31.490400Z,35.67,-117.51,9,1.47
2019-07-05T07:50:22.390800Z,35.71,-117.47,9,0.54
2019-07-05T07:51:59.504800Z,35.55,-117.57,3,1.72
2019-07-05T08:01:25.138800Z,35.73,-117.57,3,1.56
2019-07-05T08:19:06.322200Z,35.71,-117.47,3,1.1
2019-07-05T08:22:13.818400Z,35.61,-117.55,5,1.7
2019-07-05T08:25:43.998800Z,35.59,-117.57,5,1.37
2019-07-05T08:26:50.094200Z,35.57,-117.59,9,1.72
2019-07-05T08:30:55.150000Z,35.65,-117.45,5,1.1
2019-07-05T08:32:05.051600Z,35.73,-117.47,9,1.2
2019-07-05T08:45:08.606800Z,35.75,-117.51,5,1.18
2019-07-05T08:48:57.286400Z,35.63,-117.49,3,0.83
2019-07-05T08:59:43.845200Z,35.67,-117.51,7,0.82
2019-07-05T09:01:43.890400Z,35.57,-117.59,7,0.94
2019-07-05T09:02:26.153600Z,35.67,-117.55,9,1.26
2019-07-05T09:04:34.965000Z,35.57,-117.51,5,1.26
2019-07-05T09:11:20.173400Z,35.65,-117.47,3,2.74
2019-07-05T09:15:00.168400Z,35.55,-117.57,3,1.27
2019-07-05T09:24:45.569600Z,35.65,-117.59,3,0.7
2019-07-05T09:24:59.137200Z,35.39,-117.29,7,2.22
2019-07-05T09:29:30.413000Z,35.57,-117.53,3,1.4
2019-07-05T09:34:49.942000Z,35.65,-117.47,3,1.15
2019-07-05T09:48:38.082000Z,35.93,-117.77,9,1.41
2019-07-05T09:59:50.595200Z,35.73,-117.45,9,1.4
2019-07-05T10:03:54.372000Z,35.63,-117.51,3,1.12
2019-07-05T10:08:40.894800Z,35.79,-117.49,3,1.29
2019-07-05T10:09:36.566400Z,35.55,-117.55,3,1.24
2019-07-05T10:10:02.628000Z,35.71,-117.51,3,1.12
2019-07-05T10:13:43.754000Z,35.69,-117.53,9,1.11
2019-07-05T10:13:54.424600Z,35.67,-117.47,3,1.3
2019-07-05T10:19:18.332000Z,35.69,-117.43,7,1.05
2019-07-05T10:20:30.073600Z,35.75,-117.53,9,1.38
2019-07-05T10:31:37.271200Z,35.57,-117.55,3,1.17
2019-07-05T10:37:21.364800Z,35.71,-117.49,7,1.25
2019-07-05T10:42:44.739200Z,35.89,-117.57,9,0.8
2019-07-05T10:52:04.052000Z,35.71,-117.47,9,1.61
2019-07-05T11:06:17.078400Z,35.61,-117.55,3,1.39
2019-07-05T11:12:50.833200Z,35.73,-117.55,3,2.5
2019-07-05T11:22:38.129600Z,35.75,-117.55,7,1.08
2019-07-05T11:26:24.868000Z,35.73,-117.53,9,2.0
2019-07-05T11:30:22.981200Z,35.75,-117.55,9,1.91
2019-07-05T11:32:37.430400Z,35.73,-117.55,9,1.61
2019-07-05T11:32:58.012000Z,35.77,-117.55,9,1.81
2019-07-05T11:34:14.994400Z,35.75,-117.55,5,1.69
2019-07-05T11:35:22.792000Z,35.75,-117.53,7,1.59
2019-07-05T11:37:37.705200Z,35.77,-117.55,9,1.27
2019-07-05T11:48:54.235200Z,35.75,-117.51,3,1.49
2019-07-05T11:49:25.670000Z,35.81,-117.51,7,1.66
2019-07-05T12:03:10.475600Z,35.79,-117.51,9,1.38
2019-07-05T12:14:06.667600Z,35.91,-117.95,9,2.29
2019-07-05T12:15:02.146000Z,35.71,-117.47,9,1.34
2019-07-05T12:15:54.761600Z,35.59,-117.57,9,1.56
2019-07-05T12:22:18.653600Z,35.75,-117.49,3,1.54
2019-07-05T12:42:23.190400Z,35.75,-117.53,5,1.59
2019-07-05T12:47:05.041600Z,35.75,-117.53,7,0.93
2019-07-05T12:48:33.456200Z,35.65,-117.45,9,1.16
2019-07-05T13:01:35.108000Z,35.67,-117.49,9,1.54
2019-07-05T13:02:01.246800Z,35.55,-117.65,5,2.28
2019-07-05T13:03:54.383800Z,35.75,-117.53,9,0.92
2019-07-05T13:07:26.660400Z,35.67,-117.45,7,0.97
2019-07-05T13:08:07.954400Z,35.73,-117.53,7,1.26
2019-07-05T13:08:39.332400Z,35.73,-117.55,5,1.36
2019-07-05T13:10:41.330000Z,35.79,-117.49,3,1.2
2019-07-05T13:12:02.152600Z,35.57,-117.59,9,1.95
2019-07-05T13:17:54.988000Z,35.55,-117.57,3,1.36
2019-07-05T13:34:59.682000Z,35.61,-117.55,9,1.47
2019-07-05T13:36:06.847600Z,35.69,-117.51,9,0.54
2019-07-05T13:50:48.793600Z,35.59,-117.55,9,1.32
2019-07-05T13:59:28.926800Z,35.73,-117.49,9,1.13
2019-07-05T14:05:04.718000Z,35.75,-117.55,3,1.54
2019-07-05T14:08:52.101600Z,35.77,-117.53,3,1.08
2019-07-05T14:15:16.416000Z,35.67,-117.53,9,1.63
2019-07-05T14:19:40.720400Z,35.67,-117.47,9,0.94
2019-07-05T14:28:52.031200Z,35.81,-117.55,7,1.74
2019-07-05T14:33:36.518800Z,35.73,-117.49,5,1.23
2019-07-05T14:35:07.861200Z,35.69,-117.53,9,1.25
2019-07-05T14:38:25.772400Z,35.75,-117.53,5,0.93
2019-07-05T14:39:15.504800Z,35.75,-117.53,7,1.12
2019-07-05T14:42:50.161600Z,35.73,-117.51,3,1.5
2019-07-05T14:51:53.904800Z,35.71,-117.49,3,0.93
2019-07-05T15:09:51.071200Z,35.63,-117.51,3,0.86
2019-07-05T15:10:43.095800Z,35.65,-117.47,3,1.05
2019-07-05T15:16:05.092400Z,35.57,-117.55,3,1.59
2019-07-05T15:32:44.560400Z,35.65,-117.51,9,1.26
2019-07-05T15:33:54.759800Z,35.57,-117.57,9,1.31
2019-07-05T15:42:01.607200Z,35.67,-117.51,9,0.77
2019-07-05T15:45:03.363800Z,35.71,-117.49,9,0.8
2019-07-05T16:02:17.378800Z,35.69,-117.51,9,1.22
2019-07-05T16:06:19.953600Z,35.75,-117.53,7,0.74
2019-07-05T16:09:47.446000Z,35.77,-117.49,5,1.58
2019-07-05T16:11:32.987200Z,35.71,-117.47,3,1.11
2019-07-05T16:18:21.863400Z,35.55,-117.59,7,1.54
2019-07-05T16:23:09.737200Z,35.67,-117.45,9,1.08
2019-07-05T16:37:08.296000Z,35.63,-117.53,3,1.12
2019-07-05T16:37:26.385600Z,35.69,-117.49,5,1.25
2019-07-05T16:39:27.532400Z,35.69,-117.51,3,1.28
2019-07-05T16:49:51.070800Z,35.75,-117.49,5,1.14
2019-07-05T16:55:14.013600Z,35.69,-117.47,3,1.17
2019-07-05T16:59:19.017200Z,35.73,-117.51,9,1.01
2019-07-05T17:07:47.607800Z,35.59,-117.55,3,1.44
2019-07-05T17:10:02.357200Z,35.69,-117.49,3,1.03
2019-07-05T17:10:20.009600Z,35.59,-117.57,3,1.18
2019-07-05T17:16:00.029200Z,35.75,-117.53,7,1.47
2019-07-05T17:19:39.342400Z,35.75,-117.55,3,1.61
2019-07-05T17:23:16.509000Z,35.67,-117.45,3,1.01
2019-07-05T17:39:28.263200Z,35.65,-117.49,7,1.1
2019-07-05T17:44:35.669600Z,35.75,-117.51,5,0.95
2019-07-05T17:46:49.374000Z,35.71,-117.63,9,1.09
2019-07-05T17:47:46.100000Z,35.69,-117.55,3,1.8
2019-07-05T17:53:39.790000Z,35.69,-117.51,7,1.19
2019-07-05T17:56:46.979000Z,35.73,-117.47,9,1.55
2019-07-05T18:04:23.201200Z,35.33,-117.31,7,2.08
2019-07-05T18:17:20.097200Z,35.75,-117.51,3,1.26
2019-07-05T18:18:04.019400Z,35.57,-117.55,5,1.17
2019-07-05T18:31:42.771200Z,35.71,-117.53,7,0.81
2019-07-05T18:33:32.050400Z,35.75,-117.51,3,1.75
2019-07-05T18:50:23.060000Z,35.71,-117.51,7,1.08
2019-07-05T18:51:33.283600Z,35.75,-117.37,5,0.92
2019-07-05T19:03:23.670000Z,35.67,-117.57,3,1.33
2019-07-05T19:03:48.284400Z,35.71,-117.51,5,1.49
2019-07-05T19:31:32.249800Z,35.57,-117.57,3,1.45
2019-07-05T19:35:13.019400Z,35.75,-117.51,5,1.23
2019-07-05T19:39:47.950800Z,35.55,-117.57,5,1.5
2019-07-05T19:44:48.206400Z,35.77,-117.53,7,1.42
2019-07-05T19:55:14.518600Z,35.67,-117.49,9,1.41
2019-07-05T19:56:30.576400Z,35.75,-117.57,3,1.04
2019-07-05T20:00:56.773400Z,35.75,-117.53,5,1.63
2019-07-05T20:08:28.193600Z,35.73,-117.51,3,1.06
2019-07-05T20:19:07.918000Z,35.71,-117.65,3,0.83
2019-07-05T20:21:45.007200Z,35.77,-117.51,5,1.11
2019-07-05T20:22:06.633800Z,35.71,-117.43,9,1.48
2019-07-05T20:24:26.603200Z,35.71,-117.51,9,1.15
2019-07-05T20:35:02.235600Z,35.61,-117.55,9,1.23
2019-07-05T20:41:43.652800Z,35.71,-117.55,3,0.93
2019-07-05T20:41:54.508400Z,35.55,-117.59,5,1.63
2019-07-05T20:46:12.889200Z,35.53,-117.57,9,1.1
2019-07-05T20:47:54.841400Z,35.61,-117.53,3,1.63
2019-07-05T20:55:21.967200Z,35.59,-117.57,7,1.16
2019-07-05T20:57:37.938600Z,35.63,-117.51,7,1.51
2019-07-05T21:03:50.393600Z,35.81,-117.59,5,0.97
2019-07-05T21:05:50.524400Z,35.65,-117.45,3,2.15
2019-07-05T21:06:19.817000Z,35.63,-117.55,3,1.51
2019-07-05T21:07:35.829600Z,35.55,-117.61,9,2.15
2019-07-05T21:08:58.436800Z,35.63,-117.45,3,0.97
2019-07-05T21:16:23.798400Z,35.77,-117.55,3,1.26
2019-07-05T21:18:17.049600Z,35.71,-117.49,3,1.81
2019-07-05T21:24:42.882400Z,35.67,-117.45,5,0.93
2019-07-05T21:40:01.407400Z,35.57,-117.55,5,1.37
2019-07-05T21:45:30.223600Z,35.79,-117.61,7,1.9
2019-07-05T21:46:03.802000Z,35.75,-117.49,9,1.3
2019-07-05T21:53:15.383600Z,35.69,-117.49,5,1.43
2019-07-05T21:53:50.560000Z,35.69,-117.51,3,1.01
2019-07-05T22:02:18.894800Z,35.57,-117.57,9,1.25
2019-07-05T22:04:14.362800Z,35.69,-117.43,9,1.07
2019-07-05T22:06:08.396800Z,35.69,-117.43,9,1.66
2019-07-05T22:14:00.590000Z,35.75,-117.53,3,0.94
2019-07-05T22:20:31.991800Z,35.55,-117.57,9,1.35
2019-07-05T22:21:22.574400Z,35.67,-117.49,3,1.08
2019-07-05T22:29:31.228000Z,35.69,-117.45,3,0.92
2019-07-05T22:30:20.370200Z,35.71,-117.43,9,1.28
2019-07-05T22:32:17.325600Z,35.69,-117.49,5,0.84
2019-07-05T22:34:25.463400Z,35.59,-117.57,9,1.22
2019-07-05T22:36:32.903600Z,35.67,-117.53,5,1.35
2019-07-05T22:40:45.240800Z,35.69,-117.47,9,1.09
2019-07-05T22:48:56.495600Z,35.69,-117.41,3,1.1
2019-07-05T22:59:30.732400Z,35.73,-117.53,9,1.01
2019-07-05T23:05:00.790800Z,35.67,-117.47,3,0.62
2019-07-05T23:09:24.464400Z,35.73,-117.49,7,1.39
2019-07-05T23:10:55.866400Z,35.67,-117.49,9,0.53
2019-07-05T23:13:36.805600Z,35.71,-117.57,9,1.02
2019-07-05T23:23:03.276400Z,35.65,-117.49,5,1.09
2019-07-05T23:23:54.779600Z,35.63,-117.53,3,1.45
2019-07-05T23:25:13.619600Z,35.53,-117.55,3,1.29
2019-07-05T23:28:28.925200Z,35.57,-117.59,5,1.25
2019-07-05T23:32:26.484000Z,35.65,-117.71,3,1.17
2019-07-05T23:33:56.432400Z,35.67,-117.47,9,1.74
2019-07-05T23:48:21.940800Z,35.67,-117.51,9,1.14
2019-07-05T23:56:50.081600Z,35.63,-117.41,5,1.2
